0.0	100.66380310058594
1.0	100.01436614990234
2.0	101.3785629272461
3.0	114.06103515625
4.0	97.20360565185547
5.0	98.29592895507813
6.0	101.06904602050781
7.0	97.81880950927734
8.0	105.8194808959961
9.0	104.78591918945313
10.0	95.4677734375
11.0	100.82167053222656
12.0	105.2939224243164
13.0	94.66270446777344
14.0	112.57040405273438
15.0	104.3238296508789
16.0	102.83666229248047
17.0	89.52251434326172
18.0	105.56483459472656
19.0	105.68305969238281
20.0	101.61825561523438
21.0	95.05622100830078
22.0	91.63109588623047
23.0	93.19889831542969
24.0	89.751953125
25.0	98.95954132080078
26.0	99.03197479248047
27.0	101.97880554199219
28.0	99.72997283935547
29.0	96.12627410888672
30.0	102.24342346191406
31.0	96.19140625
32.0	105.5778579711914
33.0	103.37845611572266
34.0	105.43766021728516
35.0	99.41757202148438
36.0	108.51789093017578
37.0	101.26445007324219
38.0	106.13320922851563
39.0	96.07563018798828
40.0	93.33951568603516
41.0	99.57351684570313
42.0	89.27388763427734
43.0	107.90831756591797
44.0	97.4338607788086
45.0	112.09349822998047
46.0	96.05827331542969
47.0	103.8909683227539
48.0	99.75194549560547
49.0	97.74015045166016
50.0	93.99372863769531
51.0	102.13938903808594
52.0	91.59031677246094
53.0	102.8943862915039
54.0	107.24984741210938
55.0	109.23780822753906
56.0	97.15248107910156
57.0	100.86599731445313
58.0	110.48526000976563
59.0	103.55677795410156
60.0	90.82758331298828
61.0	105.7401351928711
62.0	94.75506591796875
63.0	100.6622314453125
64.0	97.51506805419922
65.0	100.89900970458984
66.0	108.59152221679688
67.0	107.501953125
68.0	99.73355865478516
69.0	96.44166564941406
70.0	96.90829467773438
71.0	99.76188659667969
72.0	101.22637939453125
73.0	107.52203369140625
74.0	90.12077331542969
75.0	99.67924499511719
76.0	99.15872955322266
77.0	105.49765014648438
78.0	101.17607879638672
79.0	102.30337524414063
80.0	93.72855377197266
81.0	101.94725036621094
82.0	96.85303497314453
83.0	95.5634536743164
84.0	106.71839904785156
85.0	107.8256607055664
86.0	99.33112335205078
87.0	90.16887664794922
88.0	108.75194549560547
89.0	105.5139389038086
90.0	122.5911865234375
91.0	108.26058197021484
92.0	83.39337158203125
93.0	99.05801391601563
94.0	91.33273315429688
95.0	94.9458236694336
96.0	98.04049682617188
97.0	97.08251953125
98.0	94.20748138427734
99.0	101.44886779785156
100.0	110.58544158935547
101.0	99.33425903320313
102.0	105.38264465332031
103.0	111.31914520263672
104.0	103.4690170288086
105.0	104.70380401611328
106.0	107.96685791015625
107.0	110.05697631835938
108.0	110.3786849975586
109.0	111.4744644165039
110.0	110.0707778930664
111.0	101.46973419189453
112.0	101.59717559814453
113.0	108.88043212890625
114.0	105.57233428955078
115.0	107.92472839355469
116.0	94.1377944946289
117.0	104.07003784179688
118.0	106.83110809326172
119.0	95.31473541259766
120.0	93.8084945678711
121.0	97.173095703125
122.0	101.75033569335938
123.0	105.57646942138672
124.0	101.77496337890625
125.0	108.88967895507813
126.0	93.41712951660156
127.0	90.86109924316406
128.0	88.70807647705078
129.0	84.63835144042969
130.0	89.96918487548828
131.0	81.84896850585938
132.0	79.78596496582031
133.0	80.81393432617188
134.0	86.36589813232422
135.0	82.93556213378906
136.0	85.48502349853516
137.0	82.39241027832031
138.0	87.39041137695313
139.0	81.40174102783203
140.0	92.32086944580078
141.0	91.41297912597656
142.0	95.30501556396484
143.0	84.41461944580078
144.0	99.45099639892578
145.0	80.32089233398438
146.0	84.20742797851563
147.0	92.76090240478516
148.0	84.39559936523438
149.0	82.04205322265625
150.0	82.73129272460938
151.0	83.1765365600586
152.0	88.52759552001953
153.0	86.2330322265625
154.0	81.08697509765625
155.0	83.96868896484375
156.0	88.70378112792969
157.0	91.08270263671875
158.0	83.32498168945313
159.0	93.79649353027344
160.0	92.30017852783203
161.0	89.7959976196289
162.0	83.60435485839844
163.0	84.72579193115234
164.0	98.691162109375
165.0	96.1047134399414
166.0	85.49247741699219
167.0	93.03132629394531
168.0	87.72225952148438
169.0	100.35326385498047
170.0	96.53939819335938
171.0	94.6580581665039
172.0	91.94467163085938
173.0	88.1462631225586
174.0	96.09819793701172
175.0	92.55681610107422
176.0	84.75926971435547
177.0	76.18102264404297
178.0	90.48953247070313
179.0	88.83828735351563
180.0	76.92252349853516
181.0	98.87091064453125
182.0	89.93336486816406
183.0	98.24288940429688
184.0	85.67869567871094
185.0	92.14579010009766
186.0	92.7746353149414
187.0	85.47553253173828
188.0	92.56372833251953
189.0	99.29783630371094
190.0	84.91436767578125
191.0	86.41319274902344
192.0	94.59749603271484
193.0	81.3019790649414
194.0	83.56278228759766
195.0	93.4471435546875
196.0	89.203125
197.0	103.67848205566406
198.0	95.55699157714844
199.0	82.429931640625
200.0	90.998779296875
201.0	97.54170227050781
202.0	82.47534942626953
203.0	91.63544464111328
204.0	87.10841369628906
205.0	82.18317413330078
206.0	86.11273956298828
207.0	91.90290069580078
208.0	94.9482421875
209.0	94.93467712402344
210.0	79.70950317382813
211.0	82.43431091308594
212.0	86.59591674804688
213.0	84.33596801757813
214.0	88.00434875488281
215.0	89.83411407470703
216.0	88.6851806640625
217.0	90.33729553222656
218.0	101.39222717285156
219.0	103.17794799804688
220.0	84.94232177734375
221.0	96.81250762939453
222.0	88.94498443603516
223.0	88.02351379394531
224.0	88.56562805175781
225.0	91.6155776977539
226.0	91.33900451660156
227.0	83.60468292236328
228.0	90.91860961914063
229.0	82.57571411132813
230.0	94.87886047363281
231.0	91.68573760986328
232.0	91.72358703613281
233.0	82.4012451171875
234.0	84.6620101928711
235.0	88.6470718383789
236.0	83.68622589111328
237.0	91.52793884277344
238.0	86.94681549072266
239.0	84.32321166992188
240.0	88.4077377319336
241.0	93.7899169921875
242.0	91.41329193115234
243.0	88.77352905273438
244.0	87.86766815185547
245.0	92.48426818847656
246.0	86.86602783203125
247.0	93.1850814819336
248.0	85.86347198486328
249.0	86.11074829101563
250.0	86.47506713867188
251.0	88.33993530273438
252.0	88.88053131103516
253.0	93.90743255615234
254.0	93.8662338256836
255.0	93.28529357910156
256.0	88.34275817871094
257.0	87.81771087646484
258.0	99.67316436767578
259.0	102.21734619140625
260.0	90.5431137084961
261.0	90.0799560546875
262.0	99.82422637939453
263.0	89.37898254394531
264.0	92.39407348632813
265.0	83.42752838134766
266.0	91.44153594970703
267.0	88.85994720458984
268.0	90.23626708984375
269.0	92.05274963378906
270.0	87.77161407470703
271.0	84.92462158203125
272.0	84.37103271484375
273.0	94.14452362060547
274.0	97.38614654541016
275.0	87.2906265258789
276.0	87.3459243774414
277.0	90.84383392333984
278.0	87.40360260009766
279.0	92.09000396728516
280.0	85.648681640625
281.0	101.75704956054688
282.0	86.73194122314453
283.0	85.76282501220703
284.0	87.22300720214844
285.0	90.91854858398438
286.0	89.8128890991211
287.0	83.15400695800781
288.0	78.15007019042969
289.0	90.71769714355469
290.0	89.87093353271484
291.0	85.64630126953125
292.0	95.31224060058594
293.0	88.42880249023438
294.0	92.8326187133789
295.0	92.8497085571289
296.0	84.99974822998047
297.0	86.9656982421875
298.0	86.78399658203125
299.0	86.51585388183594
300.0	89.45884704589844
301.0	87.23845672607422
302.0	89.69473266601563
303.0	92.09516143798828
304.0	93.58550262451172
305.0	92.81157684326172
306.0	88.91801452636719
307.0	93.29199981689453
308.0	91.53437805175781
309.0	94.4330062866211
310.0	76.93978881835938
311.0	85.73993682861328
312.0	91.27617645263672
313.0	89.30057525634766
314.0	90.2458267211914
315.0	87.84162139892578
316.0	86.02460479736328
317.0	93.14800262451172
318.0	96.52579498291016
319.0	82.01980590820313
320.0	92.17318725585938
321.0	91.7997055053711
322.0	93.39154052734375
323.0	93.04989624023438
324.0	94.7813949584961
325.0	89.96598815917969
326.0	97.28084564208984
327.0	92.52311706542969
328.0	85.43873596191406
329.0	83.8810043334961
330.0	88.0407943725586
331.0	88.06995391845703
332.0	88.93956756591797
333.0	84.18028259277344
334.0	80.85618591308594
335.0	78.34656524658203
336.0	78.64978790283203
337.0	82.44546508789063
338.0	84.12841796875
339.0	93.1215591430664
340.0	92.64095306396484
341.0	83.17010498046875
342.0	93.02413940429688
343.0	89.58776092529297
344.0	89.2724380493164
345.0	84.83851623535156
346.0	90.17433166503906
347.0	87.25566864013672
348.0	107.75335693359375
349.0	95.07408142089844
350.0	84.78805541992188
351.0	87.08358764648438
352.0	87.40032958984375
353.0	88.07115936279297
354.0	86.5997543334961
355.0	90.91343688964844
356.0	81.23766326904297
357.0	88.94764709472656
358.0	82.92926788330078
359.0	86.8710708618164
360.0	87.49742889404297
361.0	82.62728881835938
362.0	83.45464324951172
363.0	82.5360107421875
364.0	88.32514190673828
365.0	89.00555419921875
366.0	78.4598159790039
367.0	94.19048309326172
368.0	81.73126220703125
369.0	89.39849853515625
370.0	84.29243469238281
371.0	82.66757202148438
372.0	93.95619201660156
373.0	90.41304779052734
374.0	84.26526641845703
375.0	82.88251495361328
376.0	85.0100326538086
377.0	83.99220275878906
378.0	96.35861206054688
379.0	78.75730895996094
380.0	91.5832290649414
381.0	88.3579330444336
382.0	99.99266815185547
383.0	98.10796356201172
384.0	99.18002319335938
385.0	83.96968078613281
386.0	84.15045166015625
387.0	85.02938842773438
388.0	81.8655776977539
389.0	83.73702239990234
390.0	106.75310516357422
391.0	78.14774322509766
392.0	84.9730224609375
393.0	82.32394409179688
394.0	88.02811431884766
395.0	81.60169219970703
396.0	85.77210235595703
397.0	86.92161560058594
398.0	90.3293228149414
399.0	94.61468505859375
400.0	97.7801284790039
401.0	85.52637481689453
402.0	85.9098129272461
403.0	89.48175048828125
404.0	83.23847198486328
405.0	92.77837371826172
406.0	91.91596221923828
407.0	88.19234466552734
408.0	76.48538970947266
409.0	91.84823608398438
410.0	90.25949096679688
411.0	82.7497329711914
412.0	78.79878234863281
413.0	81.99579620361328
414.0	94.67450714111328
415.0	81.88109588623047
416.0	86.90941619873047
417.0	81.27778625488281
418.0	86.63102722167969
419.0	91.73760986328125
420.0	83.34637451171875
421.0	86.72425842285156
422.0	87.4980239868164
423.0	91.7418212890625
424.0	92.62033081054688
425.0	86.19379425048828
426.0	80.95332336425781
427.0	86.30360412597656
428.0	85.04318237304688
429.0	86.44891357421875
430.0	91.23320770263672
431.0	84.93152618408203
432.0	92.99528503417969
433.0	93.25572967529297
434.0	86.90605926513672
435.0	94.21320343017578
436.0	89.74808502197266
437.0	78.0921630859375
438.0	89.59400939941406
439.0	88.24836730957031
440.0	81.55561828613281
441.0	80.55526733398438
442.0	73.92650604248047
443.0	86.47991180419922
444.0	79.82745361328125
445.0	86.02738189697266
446.0	99.53357696533203
447.0	81.82656860351563
448.0	82.41085815429688
449.0	88.67855834960938
450.0	84.12962341308594
451.0	87.15653228759766
452.0	82.89198303222656
453.0	95.41655731201172
454.0	86.44537353515625
455.0	99.04385375976563
456.0	83.4740982055664
457.0	88.33831024169922
458.0	92.79325103759766
459.0	87.2828598022461
460.0	79.8409652709961
461.0	85.113525390625
462.0	93.11907958984375
463.0	88.40512084960938
464.0	83.36610412597656
465.0	93.10262298583984
466.0	96.59452056884766
467.0	78.71400451660156
468.0	86.42737579345703
469.0	92.09086608886719
470.0	86.75117492675781
471.0	81.23442840576172
472.0	87.76162719726563
473.0	97.68807983398438
474.0	103.3816146850586
475.0	96.3490982055664
476.0	92.07135772705078
477.0	89.21590423583984
478.0	84.1611328125
479.0	86.60446166992188
480.0	87.78656768798828
481.0	89.21183013916016
482.0	94.15552520751953
483.0	87.93231964111328
484.0	88.97074890136719
485.0	89.15261840820313
486.0	89.13275909423828
487.0	88.9742660522461
488.0	84.4531021118164
489.0	84.63369750976563
490.0	85.81867218017578
491.0	83.83636474609375
492.0	83.17151641845703
493.0	87.56124877929688
494.0	83.58629608154297
495.0	84.03355407714844
496.0	80.41090393066406
497.0	95.56454467773438
498.0	86.66351318359375
499.0	89.00887298583984
500.0	81.24465942382813
501.0	79.61212158203125
502.0	84.90128326416016
503.0	89.2215805053711
504.0	77.59962463378906
505.0	105.10325622558594
506.0	83.30524444580078
507.0	85.33253479003906
508.0	89.772216796875
509.0	84.69137573242188
510.0	84.47569274902344
511.0	94.0966567993164
512.0	84.22698974609375
513.0	84.2230453491211
514.0	81.0761947631836
515.0	94.8714370727539
516.0	85.83666229248047
517.0	88.72908020019531
518.0	82.90815734863281
519.0	96.89825439453125
520.0	80.00603485107422
521.0	83.7478256225586
522.0	93.05281066894531
523.0	80.42575073242188
524.0	83.47453308105469
525.0	80.77558135986328
526.0	82.13678741455078
527.0	95.4588851928711
528.0	80.28926086425781
529.0	81.94180297851563
530.0	87.15453338623047
531.0	94.30498504638672
532.0	91.27521514892578
533.0	79.97595977783203
534.0	82.2126693725586
535.0	86.4389877319336
536.0	91.18490600585938
537.0	84.41915893554688
538.0	82.49058532714844
539.0	85.05023956298828
540.0	81.66300964355469
541.0	81.0081558227539
542.0	81.90840148925781
543.0	88.0845947265625
544.0	90.90985107421875
545.0	77.70643615722656
546.0	87.13665008544922
547.0	86.3023681640625
548.0	79.0977783203125
549.0	76.20411682128906
550.0	91.02965545654297
551.0	89.82298278808594
552.0	85.59354400634766
553.0	82.51306915283203
554.0	84.35981750488281
555.0	89.03277587890625
556.0	86.85177612304688
557.0	94.50907135009766
558.0	89.78407287597656
559.0	81.11339569091797
560.0	87.40375518798828
561.0	88.4589614868164
562.0	91.40158081054688
563.0	84.40855407714844
564.0	90.12968444824219
565.0	80.56149291992188
566.0	83.60022735595703
567.0	88.94772338867188
568.0	88.20695495605469
569.0	80.46288299560547
570.0	92.86723327636719
571.0	87.47429656982422
572.0	81.06920623779297
573.0	85.28795623779297
574.0	82.9711685180664
575.0	90.44007873535156
576.0	94.10259246826172
577.0	89.5346450805664
578.0	85.18743133544922
579.0	86.4688720703125
580.0	86.28588104248047
581.0	83.42532348632813
582.0	85.12940216064453
583.0	87.14695739746094
584.0	82.8294906616211
585.0	86.71125793457031
586.0	88.1646957397461
587.0	84.0841293334961
588.0	92.55567169189453
589.0	82.09171295166016
590.0	98.53024291992188
591.0	76.90946960449219
592.0	81.93032836914063
593.0	80.74676513671875
594.0	85.00715637207031
595.0	79.3258285522461
596.0	84.05974578857422
597.0	80.74909973144531
598.0	81.90535736083984
599.0	89.5144271850586
600.0	83.6277847290039
601.0	90.37821197509766
602.0	94.50972747802734
603.0	81.55158233642578
604.0	88.04061126708984
605.0	86.95930480957031
606.0	85.46485900878906
607.0	90.66443634033203
608.0	89.10826873779297
609.0	84.99507141113281
610.0	81.00143432617188
611.0	89.34215545654297
612.0	89.25177764892578
613.0	78.08342742919922
614.0	89.8528823852539
615.0	80.95755004882813
616.0	92.36016845703125
617.0	78.30477142333984
618.0	91.35712432861328
619.0	80.00653839111328
620.0	84.91197204589844
621.0	86.17484283447266
622.0	90.83527374267578
623.0	75.52560424804688
624.0	87.6675796508789
625.0	91.15518951416016
626.0	79.9557113647461
627.0	82.73993682861328
628.0	82.761962890625
629.0	79.56773376464844
630.0	84.46147155761719
631.0	89.89380645751953
632.0	90.22261810302734
633.0	80.21974182128906
634.0	84.48681640625
635.0	86.85810089111328
636.0	82.69166564941406
637.0	89.21632385253906
638.0	88.44141387939453
639.0	101.3248062133789
640.0	85.21279907226563
641.0	89.90565490722656
642.0	84.01445007324219
643.0	73.88037872314453
644.0	78.8359146118164
645.0	85.49480438232422
646.0	87.27812194824219
647.0	88.99409484863281
648.0	83.06603240966797
649.0	84.96559143066406
650.0	83.07669067382813
651.0	82.01268768310547
652.0	99.54691314697266
653.0	89.95307922363281
654.0	89.5359115600586
655.0	94.70042419433594
656.0	79.51900482177734
657.0	89.55485534667969
658.0	87.84285736083984
659.0	92.49059295654297
660.0	91.60696411132813
661.0	97.05110931396484
662.0	90.78789520263672
663.0	90.80073547363281
664.0	89.63306427001953
665.0	87.30563354492188
666.0	82.53064727783203
667.0	85.62696838378906
668.0	93.40706634521484
669.0	87.71766662597656
670.0	93.09945678710938
671.0	87.031005859375
672.0	85.42823028564453
673.0	89.72168731689453
674.0	85.3534164428711
675.0	93.87755584716797
676.0	90.34942626953125
677.0	79.44463348388672
678.0	86.2956314086914
679.0	82.73836517333984
680.0	92.18707275390625
681.0	87.90961456298828
682.0	87.68195343017578
683.0	101.77128601074219
684.0	98.24488067626953
685.0	94.08961486816406
686.0	89.04884338378906
687.0	90.08045959472656
688.0	88.87049865722656
689.0	91.25745391845703
690.0	90.2701187133789
691.0	96.90168762207031
692.0	87.51133728027344
693.0	87.24928283691406
694.0	88.82742309570313
695.0	91.4609375
696.0	95.20442199707031
697.0	91.53092956542969
698.0	87.11587524414063
699.0	90.69831848144531
700.0	97.03746032714844
701.0	100.19287872314453
702.0	99.72943878173828
703.0	89.02479553222656
704.0	93.55721282958984
705.0	99.76805114746094
706.0	84.3172836303711
707.0	98.38507080078125
708.0	87.42439270019531
709.0	89.65396118164063
710.0	95.00640869140625
711.0	110.58335876464844
712.0	91.37863159179688
713.0	107.1479263305664
714.0	86.05852508544922
715.0	83.69132232666016
716.0	80.88738250732422
717.0	96.47896575927734
718.0	75.81715393066406
719.0	82.15900421142578
720.0	91.77591705322266
721.0	85.71502685546875
722.0	79.66825866699219
723.0	74.98771667480469
724.0	83.27549743652344
725.0	81.48455047607422
726.0	76.94348907470703
727.0	82.32785034179688
728.0	82.7030029296875
729.0	82.22229766845703
730.0	92.54443359375
731.0	97.68403625488281
732.0	90.4499282836914
733.0	87.31794738769531
734.0	102.87808227539063
735.0	95.55229187011719
736.0	86.87380981445313
737.0	103.36971282958984
738.0	89.81843566894531
739.0	86.8261489868164
740.0	107.66034698486328
741.0	87.87834930419922
742.0	89.49522399902344
743.0	91.1860580444336
744.0	90.20476531982422
745.0	92.88928985595703
746.0	88.31275177001953
747.0	88.33958435058594
748.0	97.55914306640625
749.0	91.2484130859375
750.0	85.85261535644531
751.0	98.7583999633789
752.0	85.73946380615234
753.0	90.08232116699219
754.0	84.70054626464844
755.0	95.09407043457031
756.0	91.20603942871094
757.0	84.62429809570313
758.0	84.61427307128906
759.0	87.54398345947266
760.0	92.08416748046875
761.0	89.53086853027344
762.0	84.77523040771484
763.0	84.78790283203125
764.0	93.94361877441406
765.0	77.88755798339844
766.0	81.13249206542969
767.0	80.80686950683594
768.0	90.47967529296875
769.0	85.88462829589844
770.0	85.2845458984375
771.0	91.22801971435547
772.0	74.981689453125
773.0	86.01457214355469
774.0	100.26411437988281
775.0	84.70113372802734
776.0	83.09212493896484
777.0	88.19218444824219
778.0	82.33642578125
779.0	82.52054595947266
780.0	79.13252258300781
781.0	79.39232635498047
782.0	86.90708923339844
783.0	79.40067291259766
784.0	82.53241729736328
785.0	86.35391998291016
786.0	84.07901763916016
787.0	80.6858139038086
788.0	88.71858978271484
789.0	85.8937759399414
790.0	90.18492889404297
791.0	101.3863754272461
792.0	83.85037994384766
793.0	88.53298950195313
794.0	87.613037109375
795.0	79.22700500488281
796.0	83.03546142578125
797.0	86.13220977783203
798.0	86.43966674804688
799.0	85.36463165283203
800.0	80.07144165039063
801.0	99.28845977783203
802.0	92.67024230957031
803.0	82.03169250488281
804.0	82.34313201904297
805.0	86.1249771118164
806.0	89.58612060546875
807.0	85.80644989013672
808.0	87.04922485351563
809.0	87.14598846435547
810.0	94.13166046142578
811.0	89.05244445800781
812.0	104.8331527709961
813.0	86.34334564208984
814.0	87.99970245361328
815.0	106.17909240722656
816.0	87.57967376708984
817.0	80.9087142944336
818.0	100.49718475341797
819.0	104.9043960571289
820.0	80.02594757080078
821.0	86.51683044433594
822.0	90.26937103271484
823.0	80.72333526611328
824.0	80.63016510009766
825.0	85.04928588867188
826.0	78.12702941894531
827.0	100.85086822509766
828.0	84.87226104736328
829.0	95.30911254882813
830.0	80.36566925048828
831.0	86.0621337890625
832.0	91.94196319580078
833.0	87.1128921508789
834.0	88.97464752197266
835.0	68.69261932373047
836.0	92.80522918701172
837.0	83.86575317382813
838.0	54.39435577392578
839.0	48.56531524658203
840.0	81.2938003540039
841.0	92.40584564208984
842.0	72.32942962646484
843.0	74.61363983154297
844.0	75.4224853515625
845.0	101.76301574707031
846.0	93.50209045410156
847.0	88.03388977050781
848.0	88.7508316040039
849.0	73.95708465576172
850.0	69.8892822265625
851.0	98.4884262084961
852.0	101.62948608398438
853.0	83.73186492919922
854.0	85.8245849609375
855.0	89.06205749511719
856.0	83.80279541015625
857.0	91.25782012939453
858.0	86.44204711914063
859.0	89.4999771118164
860.0	86.9422378540039
861.0	92.83807373046875
862.0	88.56178283691406
863.0	80.36538696289063
864.0	80.26022338867188
865.0	86.16067504882813
866.0	87.5733413696289
867.0	102.1114730834961
868.0	73.02809143066406
869.0	100.73594665527344
870.0	92.08404541015625
871.0	95.41912841796875
872.0	93.7079086303711
873.0	99.75495147705078
874.0	104.76388549804688
875.0	102.31778717041016
876.0	105.80110931396484
877.0	99.79373168945313
878.0	103.8668441772461
879.0	96.78630828857422
880.0	91.94475555419922
881.0	106.2846908569336
882.0	106.34955596923828
883.0	98.40997314453125
884.0	105.5606460571289
885.0	94.65599060058594
886.0	94.66703796386719
887.0	98.24864959716797
888.0	109.68453979492188
889.0	108.37919616699219
890.0	100.68191528320313
891.0	103.71503448486328
892.0	105.39620971679688
893.0	101.62548828125
894.0	97.20185089111328
895.0	99.61894989013672
896.0	102.81388092041016
897.0	104.08683013916016
898.0	113.25630950927734
899.0	95.22298431396484
900.0	105.12640380859375
901.0	100.68553161621094
902.0	99.65413665771484
903.0	84.06917572021484
904.0	97.61557006835938
905.0	100.4255142211914
906.0	106.91883087158203
907.0	102.2306900024414
908.0	93.5417709350586
909.0	106.66461944580078
910.0	99.93233489990234
911.0	101.5013656616211
912.0	100.9615478515625
913.0	108.96681213378906
914.0	94.26415252685547
915.0	103.27847290039063
916.0	93.85723114013672
917.0	107.09732055664063
918.0	95.99362182617188
919.0	106.14739227294922
920.0	100.41310119628906
921.0	97.5635757446289
922.0	98.28713989257813
923.0	90.891357421875
924.0	93.72500610351563
925.0	95.90522766113281
926.0	108.27068328857422
927.0	103.42041778564453
928.0	104.55633544921875
929.0	95.80062103271484
930.0	102.78589630126953
931.0	99.0056381225586
932.0	88.77447509765625
933.0	105.22126770019531
934.0	94.40655517578125
935.0	94.68916320800781
936.0	98.54492950439453
937.0	93.99007415771484
938.0	104.1065444946289
939.0	91.32579040527344
940.0	94.17937469482422
941.0	107.37565612792969
942.0	95.1456298828125
943.0	102.07418060302734
944.0	107.0211181640625
945.0	105.97317504882813
946.0	96.69967651367188
947.0	100.22835540771484
948.0	100.12007904052734
949.0	96.05036163330078
950.0	102.56121826171875
951.0	108.69627380371094
952.0	107.59850311279297
953.0	97.32418823242188
954.0	104.0478744506836
955.0	98.98274993896484
956.0	86.31170654296875
957.0	91.8272705078125
958.0	94.90731048583984
959.0	92.6640625
960.0	97.5896987915039
961.0	90.5141830444336
962.0	94.17662048339844
963.0	91.46179962158203
964.0	100.92284393310547
965.0	97.80642700195313
966.0	100.6392593383789
967.0	92.36143493652344
968.0	91.6678237915039
969.0	101.79447174072266
970.0	97.69526672363281
971.0	106.39769744873047
972.0	88.4810562133789
973.0	83.3565902709961
974.0	92.32946014404297
975.0	89.93699645996094
976.0	105.21337127685547
977.0	105.65595245361328
978.0	106.11016845703125
979.0	93.73267364501953
980.0	104.12293243408203
981.0	95.65577697753906
982.0	98.58409881591797
983.0	106.0194320678711
984.0	107.99784851074219
985.0	101.2102279663086
986.0	103.18989562988281
987.0	102.53702545166016
988.0	100.10565185546875
989.0	112.08699035644531
990.0	101.99824523925781
991.0	105.17524719238281
992.0	87.32532501220703
993.0	92.4674301147461
994.0	97.33808898925781
995.0	95.75393676757813
996.0	95.2185287475586
997.0	92.34394836425781
998.0	101.16831970214844
999.0	105.57464599609375
