0.0	56.30264663696289
0.1	55.26155471801758
0.2	56.168312072753906
0.3	62.71238708496094
0.4	53.86125946044922
0.5	71.37471771240234
0.6	50.23112869262695
0.7	56.50698471069336
0.8	58.56047821044922
0.9	64.15631103515625
1.0	57.73384094238281
1.1	54.3237419128418
1.2	57.58286666870117
1.3	56.49979782104492
1.4	55.520816802978516
1.5	60.62124252319336
1.6	53.61647415161133
1.7	59.03029251098633
1.8	52.17397689819336
1.9	51.4349365234375
2.0	53.72022247314453
2.1	53.579349517822266
2.2	50.16447830200195
2.3	56.23120880126953
2.4	73.07421875
2.5	51.8521842956543
2.6	54.09745788574219
2.7	51.40610885620117
2.8	55.09064483642578
2.9	61.21608352661133
3.0	56.69310760498047
3.1	51.72113037109375
3.2	63.91995620727539
3.3	62.54071044921875
3.4	60.21096420288086
3.5	56.0355110168457
3.6	56.99894714355469
3.7	63.2783088684082
3.8	54.71697998046875
3.9	51.51764678955078
4.0	84.17515563964844
4.1	68.91462707519531
4.2	63.9249382019043
4.3	73.19839477539063
4.4	64.45502471923828
4.5	66.57856750488281
4.6	75.10405731201172
4.7	87.9083251953125
4.8	70.5121841430664
4.9	80.10186004638672
5.0	77.33682250976563
5.1	71.86458587646484
5.2	69.2279052734375
5.3	71.77365112304688
5.4	56.146053314208984
5.5	64.35700225830078
5.6	74.93382263183594
5.7	58.21416473388672
5.8	71.54898071289063
5.9	74.44110870361328
6.0	72.13359832763672
6.1	86.544921875
6.2	72.91033172607422
6.3	60.997474670410156
6.4	75.41157531738281
6.5	75.34095001220703
6.6	57.874629974365234
6.7	73.4037094116211
6.8	60.04738235473633
6.9	72.71446990966797
7.0	66.08582305908203
7.1	73.03433990478516
7.2	70.17053985595703
7.3	76.78059387207031
7.4	62.45600128173828
7.5	68.73695373535156
7.6	71.26608276367188
7.7	79.26216888427734
7.8	79.55695343017578
7.9	70.98002624511719
8.0	71.42811584472656
8.1	76.69123077392578
8.2	71.08021545410156
8.3	79.70487213134766
8.4	73.11355590820313
8.5	76.13404083251953
8.6	75.29552459716797
8.7	54.39005661010742
8.8	55.62147521972656
8.9	58.157474517822266
9.0	61.359012603759766
9.1	54.00650405883789
9.2	55.66828918457031
9.3	54.8341064453125
9.4	61.92325210571289
9.5	53.49064254760742
9.6	61.441009521484375
9.7	55.87275314331055
9.8	58.1890983581543
9.9	53.685150146484375
10.0	60.82945251464844
10.1	55.72848129272461
10.2	55.599647521972656
10.3	55.68915557861328
10.4	53.90696716308594
10.5	70.26548767089844
10.6	77.93324279785156
10.7	77.92241668701172
10.8	63.0220947265625
10.9	68.99370574951172
11.0	79.35697174072266
11.1	74.87318420410156
11.2	67.3132095336914
11.3	70.72381591796875
11.4	72.85011291503906
11.5	81.88970947265625
11.6	70.10137939453125
11.7	61.51812744140625
11.8	62.94246292114258
11.9	75.10159301757813
12.0	80.94559478759766
12.1	66.91360473632813
12.2	71.05632781982422
12.3	66.51075744628906
12.4	65.66612243652344
12.5	64.4483871459961
12.6	65.75083923339844
12.7	66.65931701660156
12.8	46.920345306396484
12.9	74.57112121582031
13.0	70.34544372558594
13.1	75.3423080444336
13.2	66.20939636230469
13.3	62.239383697509766
13.4	87.26312255859375
13.5	68.28507232666016
13.6	49.8009147644043
13.7	62.23286819458008
13.8	68.4218521118164
13.9	68.81353759765625
14.0	77.43425750732422
14.1	74.50802612304688
14.2	71.7320556640625
14.3	74.02481842041016
14.4	74.05021667480469
14.5	86.40766906738281
14.6	66.54467010498047
14.7	67.09278869628906
14.8	67.7027816772461
14.9	72.63408660888672
15.0	63.71336364746094
15.1	68.6002426147461
15.2	74.53368377685547
15.3	125.08221435546875
15.4	104.76464080810547
15.5	108.8897705078125
15.6	116.8231430053711
15.7	115.3447494506836
15.8	107.1465835571289
15.9	108.23844146728516
16.0	117.47154998779297
16.1	107.61859130859375
16.2	111.35160064697266
16.3	108.27754974365234
16.4	118.5988998413086
16.5	112.28605651855469
16.6	109.70442962646484
16.7	113.72180938720703
16.8	107.81651306152344
16.9	110.37834167480469
17.0	106.60292053222656
17.1	108.30729675292969
17.2	108.25562286376953
17.3	113.44194793701172
17.4	106.47893524169922
17.5	108.50486755371094
17.6	121.87259674072266
17.7	104.3427963256836
17.8	108.91188049316406
17.9	107.8272933959961
18.0	102.36766052246094
18.1	104.53103637695313
18.2	108.15824890136719
18.3	111.15040588378906
18.4	106.55943298339844
18.5	113.45447540283203
18.6	104.56912994384766
18.7	109.41532135009766
18.8	113.70977020263672
18.9	101.75232696533203
19.0	109.57041931152344
19.1	114.77751922607422
19.2	113.3974609375
19.3	110.13359832763672
19.4	112.45720672607422
19.5	114.2249526977539
19.6	118.18836212158203
19.7	114.62906646728516
19.8	112.1423110961914
19.9	115.29316711425781
20.0	103.56018829345703
20.1	110.16632080078125
20.2	125.6920394897461
20.3	120.28367614746094
20.4	111.1251220703125
20.5	113.65141296386719
20.6	114.80823516845703
20.7	105.64645385742188
20.8	108.90145111083984
20.9	109.52629852294922
21.0	116.54832458496094
21.1	107.26332092285156
21.2	107.13957977294922
21.3	113.45024108886719
21.4	109.69039154052734
21.5	110.26683044433594
21.6	109.46554565429688
21.7	109.8716812133789
21.8	105.43307495117188
21.9	102.34009552001953
22.0	108.06167602539063
22.1	113.61495971679688
22.2	113.0661849975586
22.3	113.81205749511719
22.4	119.8841781616211
22.5	125.40711212158203
22.6	120.63638305664063
22.7	113.64551544189453
22.8	116.15306091308594
22.9	107.98297119140625
23.0	111.74868774414063
23.1	111.05471801757813
23.2	112.3436508178711
23.3	110.7960205078125
23.4	121.02656555175781
23.5	107.12854766845703
23.6	112.51844024658203
23.7	115.08659362792969
23.8	118.42617797851563
23.9	110.40105438232422
24.0	120.46728515625
24.1	119.76986694335938
24.2	119.68193817138672
24.3	107.86251831054688
24.4	111.5991439819336
24.5	117.42938232421875
24.6	123.66439819335938
24.7	117.59882354736328
24.8	110.34825897216797
24.9	111.31204223632813
25.0	114.82344055175781
25.1	119.9393539428711
25.2	128.61172485351563
25.3	114.6518783569336
25.4	107.73514556884766
25.5	113.1423568725586
25.6	113.71967315673828
25.7	110.65247344970703
25.8	110.9299087524414
25.9	112.93385314941406
26.0	104.4452133178711
26.1	108.74664306640625
26.2	110.48628997802734
26.3	125.31369018554688
26.4	117.39508819580078
26.5	111.42899322509766
26.6	112.1423568725586
26.7	108.00411224365234
26.8	107.38155364990234
26.9	125.33978271484375
27.0	106.00939178466797
27.1	113.68102264404297
27.2	111.15779113769531
27.3	110.39525604248047
27.4	113.74653625488281
27.5	105.47683715820313
27.6	109.39889526367188
27.7	105.92900848388672
27.8	104.43756103515625
27.9	105.54242706298828
28.0	119.96149444580078
28.1	109.66278076171875
28.2	126.30706787109375
28.3	106.59477233886719
28.4	115.30479431152344
28.5	111.19901275634766
28.6	105.440185546875
28.7	112.3544692993164
28.8	113.21776580810547
28.9	111.27842712402344
29.0	112.37138366699219
29.1	106.28295135498047
29.2	108.58454132080078
29.3	116.97685241699219
29.4	119.7839126586914
29.5	114.35065460205078
29.6	110.1059799194336
29.7	117.08116149902344
29.8	117.96961975097656
29.9	114.68570709228516
30.0	109.06487274169922
30.1	105.96746826171875
30.2	119.34282684326172
30.3	113.76146697998047
30.4	102.52666473388672
30.5	101.92235565185547
30.6	124.5781478881836
30.7	120.29479217529297
30.8	114.96028900146484
30.9	113.05906677246094
31.0	116.16927337646484
31.1	100.79261779785156
31.2	114.31369018554688
31.3	112.9237060546875
31.4	119.71500396728516
31.5	103.55059814453125
31.6	104.64664459228516
31.7	98.47586822509766
31.8	113.6126708984375
31.9	113.08558654785156
32.0	109.05530548095703
32.1	103.40312957763672
32.2	104.26781463623047
32.3	106.13092803955078
32.4	112.33648681640625
32.5	105.6035385131836
32.6	108.08467102050781
32.7	112.67724609375
32.8	107.73023986816406
32.9	110.00868225097656
33.0	111.8516616821289
33.1	111.56346130371094
33.2	111.20877075195313
33.3	107.9736099243164
33.4	113.3067626953125
33.5	117.27277374267578
33.6	114.4284439086914
33.7	114.24996185302734
33.8	116.65425109863281
33.9	117.20487213134766
34.0	101.6988754272461
34.1	107.99266815185547
34.2	103.04398345947266
34.3	108.08820343017578
34.4	98.7894058227539
34.5	116.0573959350586
34.6	116.79180908203125
34.7	116.46417999267578
34.8	110.78791046142578
34.9	110.52000427246094
35.0	109.00360870361328
35.1	108.00330352783203
35.2	113.17707824707031
35.3	110.18878173828125
35.4	111.802978515625
35.5	103.92594909667969
35.6	114.47882843017578
35.7	107.84212493896484
35.8	110.33109283447266
35.9	114.90857696533203
36.0	111.51741027832031
36.1	110.97309875488281
36.2	106.85631561279297
36.3	108.35981750488281
36.4	100.16119384765625
36.5	103.98774719238281
36.6	108.78767395019531
36.7	104.25898742675781
36.8	96.67210388183594
36.9	106.67244720458984
37.0	107.86666870117188
37.1	100.08732604980469
37.2	106.48638153076172
37.3	108.48200225830078
37.4	110.87278747558594
37.5	105.1202163696289
37.6	105.44438934326172
37.7	105.9957046508789
37.8	104.26914978027344
37.9	103.35399627685547
38.0	104.91081237792969
38.1	104.9432373046875
38.2	103.99267578125
38.3	113.77962493896484
38.4	94.42658233642578
38.5	108.25447845458984
38.6	105.6497802734375
38.7	114.2282943725586
38.8	104.27572631835938
38.9	103.72097778320313
39.0	107.578369140625
39.1	108.52764892578125
39.2	106.8084487915039
39.3	113.69941711425781
39.4	107.70348358154297
39.5	104.95272064208984
39.6	105.13299560546875
39.7	99.12158966064453
39.8	100.39533233642578
39.9	100.54206848144531
40.0	95.57049560546875
40.1	103.78787231445313
40.2	110.78932189941406
40.3	101.40005493164063
40.4	91.00447082519531
40.5	101.8627700805664
40.6	105.59495544433594
40.7	104.1880111694336
40.8	126.95674133300781
40.9	118.71031188964844
41.0	133.2722625732422
41.1	110.03611755371094
41.2	127.92066192626953
41.3	105.05795288085938
41.4	104.33660888671875
41.5	109.84944152832031
41.6	122.53058624267578
41.7	112.84219360351563
41.8	123.07501220703125
41.9	116.60118103027344
42.0	126.26872253417969
42.1	107.33039093017578
42.2	115.84473419189453
42.3	109.63105010986328
42.4	112.11060333251953
42.5	116.07971954345703
42.6	110.58483123779297
42.7	116.4620590209961
42.8	113.04856872558594
42.9	114.22915649414063
43.0	113.80790710449219
43.1	110.11650848388672
43.2	115.33341217041016
43.3	114.67402648925781
43.4	105.04407501220703
43.5	105.57506561279297
43.6	123.73977661132813
43.7	103.91030883789063
43.8	114.4126968383789
43.9	117.75924682617188
44.0	118.19438934326172
44.1	123.92218780517578
44.2	122.49956512451172
44.3	116.19491577148438
44.4	114.65707397460938
44.5	122.94963836669922
44.6	109.52816009521484
44.7	117.31218719482422
44.8	119.5172348022461
44.9	103.42942810058594
45.0	117.3157958984375
45.1	110.50975799560547
45.2	114.73001861572266
45.3	123.86763763427734
45.4	113.15950775146484
45.5	122.22783660888672
45.6	106.08078002929688
45.7	110.68344116210938
45.8	123.37492370605469
45.9	106.14877319335938
46.0	106.45263671875
46.1	105.0980224609375
46.2	113.7364273071289
46.3	110.96739959716797
46.4	110.47740173339844
46.5	116.54708099365234
46.6	117.16825103759766
46.7	106.35822296142578
46.8	114.9721908569336
46.9	114.64618682861328
47.0	112.13795471191406
47.1	105.16342163085938
47.2	117.12110900878906
47.3	126.58811950683594
47.4	117.72404479980469
47.5	117.82893371582031
47.6	117.89048767089844
47.7	112.7276840209961
47.8	121.12986755371094
47.9	114.48247528076172
48.0	114.18072509765625
48.1	109.49574279785156
48.2	119.5817642211914
48.3	111.00450134277344
48.4	129.11520385742188
48.5	129.29075622558594
48.6	125.71517944335938
48.7	122.14454650878906
48.8	124.25212860107422
48.9	113.6752700805664
49.0	131.46939086914063
49.1	106.5665512084961
49.2	113.1556167602539
49.3	118.82791900634766
49.4	124.45172882080078
49.5	119.89195251464844
49.6	121.34181213378906
49.7	111.35183715820313
49.8	115.4399642944336
49.9	120.67809295654297
50.0	119.89620208740234
50.1	119.13755798339844
50.2	121.93427276611328
50.3	115.28495788574219
50.4	105.47814178466797
50.5	119.3161392211914
50.6	115.68423461914063
50.7	101.59159851074219
50.8	120.35301208496094
50.9	123.52208709716797
51.0	112.16163635253906
51.1	118.90142059326172
51.2	120.59831237792969
51.3	114.3701400756836
51.4	128.73785400390625
51.5	130.50367736816406
51.6	114.41310119628906
51.7	120.8662109375
51.8	115.3384017944336
51.9	119.5054702758789
52.0	115.55917358398438
52.1	116.2072525024414
52.2	110.29222869873047
52.3	102.44751739501953
52.4	117.3834228515625
52.5	100.29026794433594
52.6	111.37095642089844
52.7	118.60750579833984
52.8	125.72285461425781
52.9	120.49871826171875
53.0	121.67305755615234
53.1	126.63875579833984
53.2	118.95618438720703
53.3	121.93515014648438
53.4	107.31354522705078
53.5	111.88282012939453
53.6	113.48946380615234
53.7	110.52827453613281
53.8	113.29322052001953
53.9	115.04387664794922
54.0	104.63750457763672
54.1	112.01730346679688
54.2	113.79544067382813
54.3	105.52606201171875
54.4	111.74637603759766
54.5	111.83616638183594
54.6	127.0281753540039
54.7	119.29924011230469
54.8	118.21198272705078
54.9	103.54127502441406
55.0	124.68140411376953
55.1	119.73698425292969
55.2	123.72566986083984
55.3	108.76770782470703
55.4	128.00228881835938
55.5	117.60948944091797
55.6	118.81452941894531
55.7	108.26590728759766
55.8	116.77029418945313
55.9	108.57928466796875
56.0	105.97838592529297
56.1	110.0338363647461
56.2	125.08894348144531
56.3	130.79083251953125
56.4	118.84941864013672
56.5	117.74369049072266
56.6	120.58346557617188
56.7	123.98823547363281
56.8	114.49584197998047
56.9	125.92477416992188
57.0	120.05992889404297
57.1	129.3081817626953
57.2	116.09962463378906
57.3	115.44911193847656
57.4	115.67436218261719
57.5	100.56969451904297
57.6	111.04816436767578
57.7	123.21847534179688
57.8	114.47879791259766
57.9	113.82015991210938
58.0	120.97032928466797
58.1	121.8046875
58.2	124.33216094970703
58.3	110.0877914428711
58.4	119.052490234375
58.5	106.69120788574219
58.6	106.27489471435547
58.7	113.89854431152344
58.8	110.65327453613281
58.9	109.70470428466797
59.0	112.70236206054688
59.1	121.07408905029297
59.2	115.9717788696289
59.3	119.07180786132813
59.4	117.90019989013672
59.5	122.17887878417969
59.6	129.42880249023438
59.7	119.35775756835938
59.8	118.00363159179688
59.9	110.76866149902344
60.0	117.10887908935547
60.1	112.64089965820313
60.2	118.07843780517578
60.3	112.10799407958984
60.4	107.0614242553711
60.5	111.62329864501953
60.6	117.0105209350586
60.7	119.46895599365234
60.8	106.95513153076172
60.9	123.42704010009766
61.0	109.23490142822266
61.1	116.12699890136719
61.2	119.3024673461914
61.3	112.69328308105469
61.4	114.13719177246094
61.5	114.2642822265625
61.6	117.84928894042969
61.7	112.89076232910156
61.8	114.64942169189453
61.9	112.84973907470703
62.0	116.51302337646484
62.1	125.40760040283203
62.2	111.30078887939453
62.3	121.87998962402344
62.4	122.82233428955078
62.5	115.59644317626953
62.6	113.2911605834961
62.7	116.88389587402344
62.8	117.27837371826172
62.9	117.41053009033203
63.0	118.76766967773438
63.1	112.4862289428711
63.2	119.15782928466797
63.3	126.98294830322266
63.4	112.20065307617188
63.5	114.38078308105469
63.6	112.26278686523438
63.7	110.6509780883789
63.8	113.08037567138672
63.9	101.06903839111328
64.0	104.21223449707031
64.1	106.2262191772461
64.2	110.09857177734375
64.3	107.73009490966797
64.4	112.8034439086914
64.5	112.545166015625
64.6	111.56517028808594
64.7	106.26624298095703
64.8	109.2247314453125
64.9	107.21400451660156
65.0	112.39214324951172
65.1	111.58067321777344
65.2	108.15650939941406
65.3	114.70964050292969
65.4	108.75108337402344
65.5	106.10794830322266
65.6	104.4132308959961
65.7	99.8980484008789
65.8	103.15760040283203
65.9	100.54485321044922
66.0	107.86904907226563
66.1	104.79306030273438
66.2	114.95570373535156
66.3	107.53499603271484
66.4	113.49315643310547
66.5	107.8240737915039
66.6	105.60435485839844
66.7	112.91926574707031
66.8	102.4655532836914
66.9	100.85230255126953
67.0	111.7967529296875
67.1	101.07818603515625
67.2	115.87480163574219
67.3	106.01286315917969
67.4	107.64717864990234
67.5	108.7520751953125
67.6	111.4090576171875
67.7	108.85248565673828
67.8	99.6405029296875
67.9	105.19190216064453
68.0	111.53160095214844
68.1	108.28253173828125
68.2	105.86878967285156
68.3	112.72449493408203
68.4	116.02824401855469
68.5	104.9361572265625
68.6	109.48467254638672
68.7	112.9805908203125
68.8	117.42037963867188
68.9	111.00962829589844
69.0	112.11825561523438
69.1	113.81671905517578
69.2	113.48644256591797
69.3	118.48344421386719
69.4	121.19819641113281
69.5	113.79138946533203
69.6	100.87838745117188
69.7	110.75199127197266
69.8	104.23481750488281
69.9	111.1645736694336
70.0	102.74405670166016
70.1	111.95811462402344
70.2	114.75398254394531
70.3	113.20460510253906
70.4	110.8292236328125
70.5	112.69241333007813
70.6	112.71697998046875
70.7	114.0906753540039
70.8	115.22789764404297
70.9	104.91349029541016
71.0	109.54252624511719
71.1	109.92141723632813
71.2	111.36246490478516
71.3	108.22413635253906
71.4	111.36711120605469
71.5	104.71483612060547
71.6	105.78111267089844
71.7	108.73551177978516
71.8	106.95549774169922
71.9	107.2123794555664
72.0	111.17356872558594
72.1	101.90225219726563
72.2	101.11131286621094
72.3	109.44908142089844
72.4	110.75118255615234
72.5	105.38463592529297
72.6	104.68278503417969
72.7	109.73860168457031
72.8	113.29813385009766
72.9	108.27783966064453
73.0	109.27425384521484
73.1	108.00263214111328
73.2	110.33618927001953
73.3	101.80036926269531
73.4	110.69243621826172
73.5	113.0167236328125
73.6	114.1808853149414
73.7	117.26736450195313
73.8	116.3396224975586
73.9	107.70203399658203
74.0	107.23102569580078
74.1	114.3414077758789
74.2	105.39652252197266
74.3	107.19664764404297
74.4	116.11881256103516
74.5	111.4789810180664
74.6	123.74461364746094
74.7	108.96792602539063
74.8	110.97648620605469
74.9	115.45218658447266
75.0	110.75340270996094
75.1	114.76591491699219
75.2	109.52545928955078
75.3	107.48108673095703
75.4	115.83794403076172
75.5	112.67880249023438
75.6	109.45828247070313
75.7	106.59256744384766
75.8	123.57708740234375
75.9	119.37091827392578
76.0	107.17884826660156
76.1	109.23979949951172
76.2	112.51792907714844
76.3	105.60142517089844
76.4	100.92024230957031
76.5	104.3723373413086
76.6	110.3985595703125
76.7	114.40339660644531
76.8	118.2217788696289
76.9	107.6800308227539
77.0	109.71575164794922
77.1	106.72201538085938
77.2	105.21392822265625
77.3	116.94540405273438
77.4	109.29411315917969
77.5	117.67847442626953
77.6	113.2860107421875
77.7	106.39494323730469
77.8	101.74806213378906
77.9	112.16819763183594
78.0	104.53614807128906
78.1	114.48150634765625
78.2	110.95207977294922
78.3	115.68611145019531
78.4	113.64544677734375
78.5	115.38314819335938
78.6	112.72247314453125
78.7	110.52159118652344
78.8	112.57957458496094
78.9	121.77069091796875
79.0	109.3553466796875
79.1	102.8899917602539
79.2	109.37012481689453
79.3	109.38003540039063
79.4	104.81741333007813
79.5	114.978271484375
79.6	113.30718231201172
79.7	108.04136657714844
79.8	111.89030456542969
79.9	105.1362533569336
80.0	112.1500473022461
80.1	115.2873764038086
80.2	123.39337921142578
80.3	111.20549011230469
80.4	112.38853454589844
80.5	110.36368560791016
80.6	107.54673767089844
80.7	113.99986267089844
80.8	103.02149200439453
80.9	114.55795288085938
81.0	120.30467224121094
81.1	113.5069808959961
81.2	117.6636962890625
81.3	120.73568725585938
81.4	113.01053619384766
81.5	110.57947540283203
81.6	115.37329864501953
81.7	116.43211364746094
81.8	114.0545425415039
81.9	106.38310241699219
82.0	105.91593933105469
82.1	109.72164154052734
82.2	110.87748718261719
82.3	114.84236145019531
82.4	103.78893280029297
82.5	117.03489685058594
82.6	118.4202651977539
82.7	112.98040008544922
82.8	112.64897918701172
82.9	109.69042205810547
83.0	107.61849975585938
83.1	104.49272155761719
83.2	112.10440063476563
83.3	116.11426544189453
83.4	108.23709106445313
83.5	104.51284790039063
83.6	117.02632904052734
83.7	116.286865234375
83.8	109.98673248291016
83.9	114.58792877197266
84.0	111.1135482788086
84.1	114.74169921875
84.2	111.99010467529297
84.3	116.8827896118164
84.4	115.17694854736328
84.5	114.25968170166016
84.6	111.3873291015625
84.7	121.36502075195313
84.8	116.69422149658203
84.9	118.1442642211914
85.0	123.79937744140625
85.1	111.29045104980469
85.2	112.44928741455078
85.3	121.02447509765625
85.4	122.70160675048828
85.5	119.58409881591797
85.6	117.870361328125
85.7	105.7042007446289
85.8	112.1373062133789
85.9	118.1003646850586
86.0	109.79051971435547
86.1	110.48534393310547
86.2	115.19376373291016
86.3	108.08203887939453
86.4	111.78616333007813
86.5	131.15240478515625
86.6	103.44312286376953
86.7	114.03688049316406
86.8	114.32813262939453
86.9	107.62425231933594
87.0	112.01705169677734
87.1	115.4296875
87.2	113.24789428710938
87.3	121.78418731689453
87.4	107.70999908447266
87.5	110.25639343261719
87.6	107.54651641845703
87.7	116.40165710449219
87.8	107.81505584716797
87.9	109.5063705444336
88.0	110.50080871582031
88.1	110.57110595703125
88.2	110.40467834472656
88.3	109.97747802734375
88.4	103.90421295166016
88.5	108.76367950439453
88.6	115.14697265625
88.7	114.08018493652344
88.8	115.48982238769531
88.9	118.28067779541016
89.0	115.76959991455078
89.1	118.23731994628906
89.2	113.20378875732422
89.3	111.05667114257813
89.4	120.91112518310547
89.5	113.46197509765625
89.6	123.34476470947266
89.7	115.79268646240234
89.8	112.36557006835938
89.9	102.29524230957031
90.0	114.39371490478516
90.1	111.28495788574219
90.2	111.50874328613281
90.3	108.90090942382813
90.4	108.99736022949219
90.5	109.37516021728516
90.6	120.86566162109375
90.7	107.52828216552734
90.8	114.10273742675781
90.9	103.107177734375
91.0	113.00218200683594
91.1	110.54417419433594
91.2	102.7514419555664
91.3	115.6734619140625
91.4	110.00214385986328
91.5	111.21263122558594
91.6	99.7155990600586
91.7	120.7300796508789
91.8	110.50054168701172
91.9	106.74053955078125
92.0	112.75973510742188
92.1	108.63944244384766
92.2	107.09580993652344
92.3	118.6879653930664
92.4	106.69695281982422
92.5	119.06494903564453
92.6	110.80103302001953
92.7	111.67555236816406
92.8	111.54032135009766
92.9	112.89657592773438
93.0	108.95256042480469
93.1	111.5218734741211
93.2	119.75071716308594
93.3	119.29835510253906
93.4	113.84556579589844
93.5	122.7078857421875
93.6	105.7508316040039
93.7	114.08174896240234
93.8	107.0394515991211
93.9	118.38069915771484
94.0	110.58665466308594
94.1	103.6727523803711
94.2	119.55845642089844
94.3	112.44645690917969
94.4	109.91629028320313
94.5	106.5112075805664
94.6	104.2497787475586
94.7	112.16786193847656
94.8	112.48516082763672
94.9	114.69517517089844
95.0	114.11923217773438
95.1	108.12096405029297
95.2	106.92491912841797
95.3	113.44107055664063
95.4	104.88943481445313
95.5	103.29766845703125
95.6	106.0395278930664
95.7	112.95081329345703
95.8	109.64199829101563
95.9	108.28654479980469
96.0	111.09224700927734
96.1	108.74180603027344
96.2	118.17144012451172
96.3	119.52810668945313
96.4	122.11117553710938
96.5	128.1461181640625
96.6	115.50525665283203
96.7	129.4408721923828
96.8	113.78617095947266
96.9	114.88939666748047
97.0	115.10079193115234
97.1	103.36117553710938
97.2	106.32562255859375
97.3	115.40899658203125
97.4	114.5645751953125
97.5	107.00641632080078
97.6	112.72988891601563
97.7	110.03984069824219
97.8	109.75523376464844
97.9	111.25640869140625
98.0	110.83064270019531
98.1	113.49905395507813
98.2	112.6834716796875
98.3	115.6230697631836
98.4	104.5367660522461
98.5	114.26139068603516
98.6	111.98684692382813
98.7	111.78997802734375
98.8	103.73175048828125
98.9	111.84770202636719
99.0	109.40827178955078
99.1	120.92548370361328
99.2	113.56529235839844
99.3	112.59344482421875
99.4	113.53065490722656
99.5	108.8324966430664
99.6	112.0733642578125
99.7	111.51093292236328
99.8	104.0666275024414
99.9	110.32304382324219
100.0	110.50257873535156
100.1	106.8674545288086
100.2	107.97575378417969
100.3	108.04668426513672
100.4	115.84171295166016
100.5	109.38554382324219
100.6	119.39293670654297
100.7	108.3274154663086
100.8	114.21666717529297
100.9	111.28748321533203
101.0	114.99542999267578
101.1	108.3205337524414
101.2	113.2585678100586
101.3	107.52630615234375
101.4	122.27681732177734
101.5	117.45086669921875
101.6	112.14617919921875
101.7	133.85240173339844
101.8	119.63241577148438
101.9	118.04627990722656
102.0	118.96775817871094
102.1	110.89289093017578
102.2	107.13563537597656
102.3	109.32806396484375
102.4	112.65913391113281
102.5	110.9238052368164
