0.0	95.00154876708984
1.0	95.00728607177734
2.0	106.62315368652344
3.0	105.70573425292969
4.0	94.3774185180664
5.0	103.85089111328125
6.0	99.50238037109375
7.0	101.66557312011719
8.0	102.60469055175781
9.0	96.52104949951172
10.0	94.31510162353516
11.0	115.40174102783203
12.0	103.66744995117188
13.0	100.50066375732422
14.0	95.61023712158203
15.0	105.28862762451172
16.0	93.13458251953125
17.0	91.86629486083984
18.0	90.27967071533203
19.0	105.23484802246094
20.0	101.38970184326172
21.0	111.19641876220703
22.0	119.9430160522461
23.0	97.36032104492188
24.0	97.4065170288086
25.0	101.98011016845703
26.0	108.39170837402344
27.0	107.98688507080078
28.0	102.5182113647461
29.0	94.94245147705078
30.0	104.55276489257813
31.0	96.90345001220703
32.0	98.42987060546875
33.0	99.2096176147461
34.0	101.41163635253906
35.0	89.60145568847656
36.0	102.68189239501953
37.0	108.27609252929688
38.0	91.78680419921875
39.0	96.19174194335938
40.0	90.97673034667969
41.0	94.7425308227539
42.0	95.89991760253906
43.0	92.3140869140625
44.0	108.48095703125
45.0	103.475830078125
46.0	96.69441986083984
47.0	97.78455352783203
48.0	102.90216827392578
49.0	110.94975280761719
50.0	93.41065216064453
51.0	108.41828155517578
52.0	98.14306640625
53.0	103.9916000366211
54.0	102.64051055908203
55.0	99.04019927978516
56.0	101.01306915283203
57.0	101.42208099365234
58.0	105.25499725341797
59.0	97.81603240966797
60.0	101.93215942382813
61.0	88.88107299804688
62.0	94.62671661376953
63.0	99.49835968017578
64.0	95.28305053710938
65.0	99.7442626953125
66.0	101.08406829833984
67.0	95.5040512084961
68.0	97.16085815429688
69.0	100.58777618408203
70.0	90.1887435913086
71.0	85.55569458007813
72.0	98.8838119506836
73.0	101.4097671508789
74.0	100.236083984375
75.0	101.29853820800781
76.0	104.12716674804688
77.0	93.73095703125
78.0	109.45099639892578
79.0	104.30020141601563
80.0	102.78694915771484
81.0	94.2523422241211
82.0	108.9409408569336
83.0	98.35798645019531
84.0	96.86447143554688
85.0	90.35760498046875
86.0	111.79224395751953
87.0	94.02239990234375
88.0	96.78629302978516
89.0	94.6959228515625
90.0	103.25017547607422
91.0	95.88924407958984
92.0	99.72904968261719
93.0	95.48965454101563
94.0	98.61680603027344
95.0	100.55492401123047
96.0	100.21226501464844
97.0	96.38786315917969
98.0	107.00929260253906
99.0	99.94007110595703
100.0	104.83495330810547
101.0	100.4642562866211
102.0	103.53916931152344
103.0	106.05670166015625
104.0	102.48400115966797
105.0	103.10984802246094
106.0	97.900634765625
107.0	91.12815856933594
108.0	103.7171630859375
109.0	95.92119598388672
110.0	94.48360443115234
111.0	106.12879180908203
112.0	94.78120422363281
113.0	103.09169006347656
114.0	89.28218841552734
115.0	97.33729553222656
116.0	87.73661041259766
117.0	99.08747100830078
118.0	104.91697692871094
119.0	104.8985366821289
120.0	99.97604370117188
121.0	96.71180725097656
122.0	98.98402404785156
123.0	101.01958465576172
124.0	115.94384002685547
125.0	92.21006774902344
126.0	101.89338684082031
127.0	105.7610855102539
128.0	97.77497863769531
129.0	97.30892181396484
130.0	94.2918930053711
131.0	100.89118957519531
132.0	101.9461441040039
133.0	110.08250427246094
134.0	89.88465118408203
135.0	95.6318359375
136.0	104.99750518798828
137.0	89.16255950927734
138.0	100.75119018554688
139.0	104.33856201171875
140.0	103.32368469238281
141.0	109.72959899902344
142.0	100.39969635009766
143.0	104.99303436279297
144.0	86.30674743652344
145.0	102.27828979492188
146.0	107.78837585449219
147.0	90.05511474609375
148.0	102.25035095214844
149.0	100.6108169555664
150.0	104.06118774414063
151.0	107.97401428222656
152.0	95.7861328125
153.0	88.02969360351563
154.0	105.98334503173828
155.0	95.99809265136719
156.0	91.11244201660156
157.0	100.54509735107422
158.0	106.05706024169922
159.0	97.03526306152344
160.0	94.05902862548828
161.0	102.14654541015625
162.0	98.54651641845703
163.0	95.14863586425781
164.0	93.55026245117188
165.0	98.83545684814453
166.0	90.44148254394531
167.0	96.54866790771484
168.0	87.11615753173828
169.0	101.9694595336914
170.0	100.93418884277344
171.0	95.95914459228516
172.0	87.57801818847656
173.0	104.759765625
174.0	104.51158905029297
175.0	110.9996109008789
176.0	101.37516784667969
177.0	105.81464385986328
178.0	103.86017608642578
179.0	96.31884002685547
180.0	100.5277328491211
181.0	99.9834213256836
182.0	98.4883804321289
183.0	96.45680236816406
184.0	94.49112701416016
185.0	87.46186828613281
186.0	96.50474548339844
187.0	103.11308288574219
188.0	99.75420379638672
189.0	97.92223358154297
190.0	105.80060577392578
191.0	82.83208465576172
192.0	100.86528778076172
193.0	86.58783721923828
194.0	92.9180679321289
195.0	103.05274200439453
196.0	92.32842254638672
197.0	100.64988708496094
198.0	96.88221740722656
199.0	88.86112976074219
200.0	91.45870208740234
201.0	98.33940124511719
202.0	97.76232147216797
203.0	89.84796142578125
204.0	100.07123565673828
205.0	100.90233612060547
206.0	98.67575073242188
207.0	97.88700103759766
208.0	94.94744110107422
209.0	97.29951477050781
210.0	102.20336151123047
211.0	100.81526947021484
212.0	107.72871398925781
213.0	106.43405151367188
214.0	94.96638488769531
215.0	98.30093383789063
216.0	92.7982406616211
217.0	94.95346069335938
218.0	94.4987564086914
219.0	101.18736267089844
220.0	99.55412292480469
221.0	100.26892852783203
222.0	93.55448913574219
223.0	102.18336486816406
224.0	88.56348419189453
225.0	93.21454620361328
226.0	104.7923812866211
227.0	105.15377807617188
228.0	94.0763168334961
229.0	106.25468444824219
230.0	107.18798828125
231.0	104.63965606689453
232.0	101.48486328125
233.0	106.57100677490234
234.0	104.52091979980469
235.0	99.97550964355469
236.0	102.24459838867188
237.0	98.62553405761719
238.0	100.8206787109375
239.0	93.03475189208984
240.0	106.78861999511719
241.0	92.25984191894531
242.0	103.19131469726563
243.0	97.48899841308594
244.0	95.43505096435547
245.0	102.87476348876953
246.0	101.41554260253906
247.0	101.73827362060547
248.0	87.78828430175781
249.0	97.33795928955078
250.0	113.72726440429688
251.0	106.38572692871094
252.0	96.59357452392578
253.0	98.8396224975586
254.0	112.4810791015625
255.0	114.80781555175781
256.0	110.1251449584961
257.0	102.46165466308594
258.0	100.32849884033203
259.0	100.50701904296875
260.0	103.30314636230469
261.0	107.13489532470703
262.0	85.8125991821289
263.0	103.3873291015625
264.0	94.5909194946289
265.0	99.80950164794922
266.0	96.74663543701172
267.0	99.96520233154297
268.0	94.83129119873047
269.0	105.08757781982422
270.0	108.08218383789063
271.0	112.74787139892578
272.0	91.00128173828125
273.0	91.35159301757813
274.0	110.29000854492188
275.0	108.674560546875
276.0	104.1437759399414
277.0	109.29259490966797
278.0	104.20662689208984
279.0	98.82147216796875
280.0	111.00611877441406
281.0	101.59716033935547
282.0	101.85433959960938
283.0	95.20316314697266
284.0	95.64693450927734
285.0	96.09967803955078
286.0	92.08418273925781
287.0	91.43721771240234
288.0	98.49436950683594
289.0	110.32086944580078
290.0	109.19024658203125
291.0	93.61062622070313
292.0	101.56399536132813
293.0	99.38597869873047
294.0	95.28059387207031
295.0	102.42411041259766
296.0	100.64684295654297
297.0	91.0492935180664
298.0	105.0855941772461
299.0	105.08383178710938
300.0	111.83305358886719
301.0	99.03105163574219
302.0	98.65936279296875
303.0	101.28631591796875
304.0	95.5099868774414
305.0	96.84649658203125
306.0	98.25084686279297
307.0	97.48612213134766
308.0	100.82971954345703
309.0	101.43482971191406
310.0	91.66642761230469
311.0	91.0593490600586
312.0	84.94442749023438
313.0	98.82231140136719
314.0	99.22200775146484
315.0	98.79493713378906
316.0	100.38667297363281
317.0	100.5223159790039
318.0	96.99490356445313
319.0	110.46452331542969
320.0	100.70950317382813
321.0	97.72341918945313
322.0	94.25835418701172
323.0	89.49580383300781
324.0	108.29524993896484
325.0	99.64384460449219
326.0	75.43315124511719
327.0	99.90345764160156
328.0	95.22224426269531
329.0	92.7049331665039
330.0	96.78861999511719
331.0	89.76072692871094
332.0	111.0511474609375
333.0	92.57867431640625
334.0	93.28018188476563
335.0	95.83348846435547
336.0	102.63835144042969
337.0	93.56995391845703
338.0	98.5234603881836
339.0	102.1497573852539
340.0	106.91204833984375
341.0	116.561767578125
342.0	93.59081268310547
343.0	102.79266357421875
344.0	100.10054779052734
345.0	103.20379638671875
346.0	93.20694732666016
347.0	110.20781707763672
348.0	98.27992248535156
349.0	92.02798461914063
350.0	103.1997299194336
351.0	107.87446594238281
352.0	104.1172103881836
353.0	99.50755310058594
354.0	102.11552429199219
355.0	96.39326477050781
356.0	95.98534393310547
357.0	117.45343780517578
358.0	102.6646499633789
359.0	115.13848114013672
360.0	102.04920959472656
361.0	97.54334259033203
362.0	100.39976501464844
363.0	98.80802154541016
364.0	102.4058837890625
365.0	97.00006103515625
366.0	102.9694595336914
367.0	103.52555084228516
368.0	108.67603302001953
369.0	103.52194213867188
370.0	107.36862182617188
371.0	118.75652313232422
372.0	111.69480895996094
373.0	98.27493286132813
374.0	105.68010711669922
375.0	96.76902770996094
376.0	101.92384338378906
377.0	95.86427307128906
378.0	98.82311248779297
379.0	87.10139465332031
380.0	108.69940185546875
381.0	97.39630126953125
382.0	99.18756103515625
383.0	88.33296966552734
384.0	105.48285675048828
385.0	92.27208709716797
386.0	103.32087707519531
387.0	91.65299224853516
388.0	97.1663589477539
389.0	99.8631820678711
390.0	96.16117095947266
391.0	113.74085998535156
392.0	93.08267211914063
393.0	104.13904571533203
394.0	103.74082946777344
395.0	100.3722152709961
396.0	94.98570251464844
397.0	93.67697143554688
398.0	111.76895141601563
399.0	105.23186492919922
400.0	104.95492553710938
401.0	106.72606658935547
402.0	96.51593017578125
403.0	102.97078704833984
404.0	88.32383728027344
405.0	108.60466003417969
406.0	109.52660369873047
407.0	105.95591735839844
408.0	97.54429626464844
409.0	108.59376525878906
410.0	104.37708282470703
411.0	108.57880401611328
412.0	99.74019622802734
413.0	101.42697143554688
414.0	87.0387954711914
415.0	107.60977172851563
416.0	98.32347106933594
417.0	99.76242065429688
418.0	97.4820327758789
419.0	96.16959381103516
420.0	103.82561492919922
421.0	100.80957794189453
422.0	103.34691619873047
423.0	92.79186248779297
424.0	104.05654907226563
425.0	100.82862854003906
426.0	94.49353790283203
427.0	107.97528076171875
428.0	101.7862319946289
429.0	101.15351104736328
430.0	95.0222396850586
431.0	89.10362243652344
432.0	98.91472625732422
433.0	109.27040100097656
434.0	97.59269714355469
435.0	108.51011657714844
436.0	99.74888610839844
437.0	99.30911254882813
438.0	94.62403106689453
439.0	89.7939453125
440.0	96.19888305664063
441.0	95.32815551757813
442.0	102.27747344970703
443.0	105.41909790039063
444.0	89.00119018554688
445.0	89.42704010009766
446.0	97.7781982421875
447.0	106.30572509765625
448.0	99.81717681884766
449.0	80.12928009033203
450.0	81.93131256103516
451.0	87.779541015625
452.0	97.38343048095703
453.0	105.70065307617188
454.0	101.88243103027344
455.0	97.21723937988281
456.0	98.9520034790039
457.0	101.1829605102539
458.0	96.77478790283203
459.0	94.22425079345703
460.0	84.0335922241211
461.0	98.74822235107422
462.0	99.060791015625
463.0	98.76885986328125
464.0	101.55695343017578
465.0	100.75012969970703
466.0	95.0167236328125
467.0	98.10896301269531
468.0	100.63018035888672
469.0	99.31800079345703
470.0	92.19644927978516
471.0	96.71782684326172
472.0	90.8648681640625
473.0	100.81310272216797
474.0	105.95238494873047
475.0	96.84233093261719
476.0	93.23700714111328
477.0	104.65799713134766
478.0	94.83963775634766
479.0	80.08358764648438
480.0	81.08451080322266
481.0	78.4891357421875
482.0	95.55229949951172
483.0	87.0520248413086
484.0	88.113037109375
485.0	83.98847961425781
486.0	91.78382110595703
487.0	95.67925262451172
488.0	100.95784759521484
489.0	105.69236755371094
490.0	101.52676391601563
491.0	79.26319122314453
492.0	96.57475280761719
493.0	99.02821350097656
494.0	94.39445495605469
495.0	90.40576934814453
496.0	83.43122863769531
497.0	84.66583251953125
498.0	97.35010528564453
499.0	106.14818572998047
500.0	104.74156188964844
501.0	83.30844116210938
502.0	81.30792999267578
503.0	81.64883422851563
504.0	100.52851104736328
505.0	82.98302459716797
506.0	84.4760513305664
507.0	85.19608306884766
508.0	89.33052062988281
509.0	90.28759765625
510.0	83.50091552734375
511.0	86.10491180419922
512.0	87.43345642089844
513.0	90.74048614501953
514.0	92.3923110961914
515.0	101.45620727539063
516.0	87.71701049804688
517.0	92.20414733886719
518.0	84.16515350341797
519.0	86.17765808105469
520.0	86.25074005126953
521.0	89.02738952636719
522.0	99.62837219238281
523.0	103.59181213378906
524.0	99.57520294189453
525.0	91.68409729003906
526.0	96.17732238769531
527.0	95.2213363647461
528.0	101.07466888427734
529.0	96.43372344970703
530.0	85.74821472167969
531.0	93.53064727783203
532.0	89.97865295410156
533.0	78.9493637084961
534.0	90.22057342529297
535.0	85.63683319091797
536.0	104.52591705322266
537.0	79.49658203125
538.0	87.55924224853516
539.0	79.22982788085938
540.0	97.64029693603516
541.0	82.70793914794922
542.0	84.14445495605469
543.0	80.17528533935547
544.0	98.62863159179688
545.0	91.36939239501953
546.0	95.13341522216797
547.0	96.2808609008789
548.0	90.6392593383789
549.0	93.73171997070313
550.0	81.72599792480469
551.0	87.05384826660156
552.0	105.37271881103516
553.0	91.41165161132813
554.0	94.98334503173828
555.0	105.88525390625
556.0	85.85427856445313
557.0	100.78047180175781
558.0	91.39745330810547
559.0	98.72196197509766
560.0	95.61333465576172
561.0	103.32284545898438
562.0	89.33880615234375
563.0	83.88609313964844
564.0	85.62152862548828
565.0	94.61260986328125
566.0	86.31653594970703
567.0	94.43736267089844
568.0	77.6299057006836
569.0	82.8524169921875
570.0	84.70100402832031
571.0	84.93128967285156
572.0	89.65635681152344
573.0	90.6799545288086
574.0	91.86451721191406
575.0	83.98470306396484
576.0	90.85850524902344
577.0	94.94609832763672
578.0	82.81471252441406
579.0	103.50103759765625
580.0	100.59563446044922
581.0	93.88971710205078
582.0	104.32535552978516
583.0	104.7161865234375
584.0	111.87857818603516
585.0	109.8343734741211
586.0	97.6786117553711
587.0	95.04280853271484
588.0	99.74288940429688
589.0	106.33748626708984
590.0	99.11627960205078
591.0	90.21599578857422
592.0	100.07087707519531
593.0	99.04754638671875
594.0	101.55783081054688
595.0	93.97218322753906
596.0	104.13172912597656
597.0	99.44977569580078
598.0	95.58731079101563
599.0	100.11396026611328
600.0	115.12097930908203
601.0	90.14946746826172
602.0	102.60015106201172
603.0	100.9412612915039
604.0	102.1698989868164
605.0	106.21282196044922
606.0	107.78953552246094
607.0	83.2127456665039
608.0	96.63426971435547
609.0	98.16439056396484
610.0	84.50146484375
611.0	100.29280853271484
612.0	92.5902328491211
613.0	89.71258544921875
614.0	94.68032836914063
615.0	99.64729309082031
616.0	100.8330078125
617.0	100.98991394042969
618.0	101.1968765258789
619.0	104.6305923461914
620.0	96.7193832397461
621.0	97.78731536865234
622.0	107.5826644897461
623.0	95.95293426513672
624.0	98.78950500488281
625.0	105.45549774169922
626.0	107.43669128417969
627.0	112.81266784667969
628.0	104.02630615234375
629.0	90.36785888671875
630.0	84.45550537109375
631.0	91.07019805908203
632.0	98.44165802001953
633.0	98.61288452148438
634.0	108.18496704101563
635.0	107.75479125976563
636.0	113.3798599243164
637.0	99.8042221069336
638.0	101.58770751953125
639.0	112.3134994506836
640.0	86.53001403808594
641.0	89.8057861328125
642.0	104.91058349609375
643.0	105.69670867919922
644.0	103.97306060791016
645.0	88.18701934814453
646.0	96.25960540771484
647.0	95.43280792236328
648.0	93.75308990478516
649.0	100.92833709716797
650.0	99.59546661376953
651.0	104.9825668334961
652.0	101.64532470703125
653.0	104.0722427368164
654.0	96.8402099609375
655.0	101.874755859375
656.0	97.20555877685547
657.0	108.91449737548828
658.0	102.70320129394531
659.0	98.43032836914063
660.0	99.36566925048828
661.0	99.43226623535156
662.0	120.45500183105469
663.0	102.0184555053711
664.0	107.87052917480469
665.0	87.29662322998047
666.0	101.39616394042969
667.0	95.61500549316406
668.0	105.86711120605469
669.0	91.63153076171875
670.0	107.49939727783203
671.0	96.57682800292969
672.0	103.48664855957031
673.0	89.58436584472656
674.0	107.7794189453125
675.0	101.02676391601563
676.0	103.04515075683594
677.0	109.8465576171875
678.0	93.86868286132813
679.0	99.919189453125
680.0	98.44110870361328
681.0	106.86454010009766
682.0	94.57347106933594
683.0	102.69427490234375
684.0	101.86105346679688
685.0	92.54377746582031
686.0	102.24275970458984
687.0	98.08058166503906
688.0	93.433837890625
689.0	97.12659454345703
690.0	88.74110412597656
691.0	101.4185562133789
692.0	89.4314193725586
693.0	102.97675323486328
694.0	103.22532653808594
695.0	109.14384460449219
696.0	104.14165496826172
697.0	103.69685363769531
698.0	104.2497787475586
699.0	89.53118133544922
700.0	99.98178100585938
701.0	112.89852905273438
702.0	90.39978790283203
703.0	98.07372283935547
704.0	93.06343078613281
705.0	98.00373077392578
706.0	99.88584899902344
707.0	87.94261932373047
708.0	97.9427490234375
709.0	100.92003631591797
710.0	107.08513641357422
711.0	97.09916687011719
712.0	104.33679962158203
713.0	105.74365234375
714.0	99.39574432373047
715.0	98.94229125976563
716.0	100.59532165527344
717.0	97.02703857421875
718.0	97.75907135009766
719.0	109.81002044677734
720.0	91.97652435302734
721.0	112.18891143798828
722.0	92.27201843261719
723.0	94.98932647705078
724.0	94.87757110595703
725.0	103.59591674804688
726.0	98.9139404296875
727.0	99.0479507446289
728.0	102.61045837402344
729.0	100.04232788085938
730.0	103.06121063232422
731.0	100.95510864257813
732.0	95.0191650390625
733.0	101.77643585205078
734.0	96.26367950439453
735.0	105.05481719970703
736.0	92.46392059326172
737.0	110.20429229736328
738.0	100.7896957397461
739.0	98.12808227539063
740.0	112.46443176269531
741.0	97.04487609863281
742.0	105.67279052734375
743.0	104.8419189453125
744.0	101.90150451660156
745.0	98.58290100097656
746.0	99.1099853515625
747.0	97.5488052368164
748.0	105.03827667236328
749.0	113.12086486816406
750.0	109.37006378173828
751.0	91.59261322021484
752.0	114.49059295654297
753.0	103.36526489257813
754.0	92.70014190673828
755.0	95.25401306152344
756.0	97.83330535888672
757.0	85.77001190185547
758.0	104.61087036132813
759.0	90.37285614013672
760.0	104.62307739257813
761.0	90.13560485839844
762.0	91.02043151855469
763.0	95.82268524169922
764.0	96.75675964355469
765.0	95.1149673461914
766.0	92.46026611328125
767.0	96.97187805175781
768.0	96.84709167480469
769.0	85.46886444091797
770.0	98.5130615234375
771.0	101.34719848632813
772.0	93.0956039428711
773.0	100.34744262695313
774.0	92.5519790649414
775.0	95.69258880615234
776.0	95.83049774169922
777.0	95.23576354980469
778.0	95.3740463256836
779.0	93.85840606689453
780.0	104.91654968261719
781.0	94.97850799560547
782.0	102.99614715576172
783.0	104.5131607055664
784.0	95.70497131347656
785.0	97.61384582519531
786.0	92.30193328857422
787.0	100.81194305419922
788.0	98.30912780761719
789.0	103.78165435791016
790.0	92.73760986328125
791.0	98.53530883789063
792.0	101.40621185302734
793.0	101.64797973632813
794.0	97.07784271240234
795.0	106.23162078857422
796.0	99.89628601074219
797.0	93.91049194335938
798.0	102.17924499511719
799.0	99.82820129394531
800.0	105.33881378173828
801.0	100.99198913574219
802.0	89.73307037353516
803.0	94.86626434326172
804.0	103.9244613647461
805.0	99.62091064453125
806.0	105.27033996582031
807.0	96.4731674194336
808.0	108.1248779296875
809.0	95.72187805175781
810.0	103.67584228515625
811.0	92.3769302368164
812.0	98.73373413085938
813.0	103.26895141601563
814.0	100.84998321533203
815.0	105.90990447998047
816.0	105.38630676269531
817.0	107.49842071533203
818.0	100.98023223876953
819.0	99.2618408203125
820.0	96.73001098632813
821.0	80.919677734375
822.0	99.9916763305664
823.0	94.1740493774414
824.0	87.34314727783203
825.0	100.40689086914063
826.0	102.45636749267578
827.0	97.59667205810547
828.0	98.43277740478516
829.0	110.98756408691406
830.0	98.3272933959961
831.0	108.5719985961914
832.0	112.69720458984375
833.0	89.59366607666016
834.0	105.1416015625
835.0	102.18602752685547
836.0	89.48243713378906
837.0	98.36649322509766
838.0	98.71269989013672
839.0	103.53546905517578
840.0	88.2569580078125
841.0	95.0600814819336
842.0	97.67882537841797
843.0	96.75213623046875
844.0	96.43883514404297
845.0	101.6139907836914
846.0	114.70594787597656
847.0	98.36933898925781
848.0	102.77892303466797
849.0	94.44992065429688
850.0	95.07364654541016
851.0	97.13875579833984
852.0	96.4603500366211
853.0	100.86561584472656
854.0	108.99907684326172
855.0	96.24785614013672
856.0	96.17869567871094
857.0	97.14447784423828
858.0	99.30536651611328
859.0	103.6203842163086
860.0	103.71542358398438
861.0	99.58499908447266
862.0	100.82057189941406
863.0	96.80804443359375
864.0	102.53878021240234
865.0	103.92806243896484
866.0	100.11431121826172
867.0	102.4720230102539
868.0	101.5530014038086
869.0	94.08283996582031
870.0	100.08757019042969
871.0	99.10932159423828
872.0	105.4076919555664
873.0	98.49384307861328
874.0	97.15884399414063
875.0	89.62165832519531
876.0	101.3598403930664
877.0	102.07477569580078
878.0	95.83807373046875
879.0	99.58213806152344
880.0	109.81037902832031
881.0	101.16596221923828
882.0	103.2996826171875
883.0	102.86808776855469
884.0	97.0044937133789
885.0	111.90420532226563
886.0	92.99699401855469
887.0	109.89442443847656
888.0	97.44794464111328
889.0	95.51408386230469
890.0	93.17620849609375
891.0	98.18583679199219
892.0	99.15096282958984
893.0	96.9769287109375
894.0	98.15216827392578
895.0	107.500732421875
896.0	98.77386474609375
897.0	101.797607421875
898.0	99.65685272216797
899.0	101.04320526123047
900.0	103.00614929199219
901.0	99.24746704101563
902.0	93.1530990600586
903.0	102.04964447021484
904.0	105.67926025390625
905.0	92.58000946044922
906.0	101.86680603027344
907.0	99.43537139892578
908.0	112.13106536865234
909.0	96.92817687988281
910.0	99.4541015625
911.0	95.4784927368164
912.0	95.0350112915039
913.0	98.40031433105469
914.0	90.53102111816406
915.0	100.88084411621094
916.0	103.62425231933594
917.0	98.28652954101563
918.0	104.64125061035156
919.0	102.8297348022461
920.0	102.38646697998047
921.0	112.75148010253906
922.0	88.7618179321289
923.0	86.04430389404297
924.0	101.2334976196289
925.0	95.97010040283203
926.0	100.38379669189453
927.0	95.10359191894531
928.0	101.4720687866211
929.0	108.40232849121094
930.0	106.45453643798828
931.0	101.7694320678711
932.0	106.9672622680664
933.0	95.76840209960938
934.0	103.84114074707031
935.0	108.22333526611328
936.0	109.21680450439453
937.0	93.12191772460938
938.0	100.9000473022461
939.0	105.96427917480469
940.0	95.61351776123047
941.0	111.47539520263672
942.0	99.16544342041016
943.0	105.97761535644531
944.0	105.00709533691406
945.0	101.51660919189453
946.0	92.57473754882813
947.0	103.4069595336914
948.0	102.03228759765625
949.0	105.23040771484375
950.0	95.18505859375
951.0	107.18830108642578
952.0	106.53460693359375
953.0	111.0830078125
954.0	102.99583435058594
955.0	116.0412826538086
956.0	108.88077545166016
957.0	104.62648010253906
958.0	99.37554168701172
959.0	107.59207153320313
960.0	100.416015625
961.0	113.45784759521484
962.0	98.5085220336914
963.0	113.21672821044922
964.0	106.80989074707031
965.0	103.61756896972656
966.0	93.13334655761719
967.0	105.64946746826172
968.0	102.58194732666016
969.0	94.55960083007813
970.0	103.76714324951172
971.0	106.28317260742188
972.0	99.93997192382813
973.0	103.85818481445313
974.0	108.5870361328125
975.0	112.33340454101563
976.0	105.96295166015625
977.0	112.24076843261719
978.0	105.33418273925781
979.0	114.47756958007813
980.0	103.71626281738281
981.0	101.40946197509766
982.0	96.11445617675781
983.0	92.1739501953125
984.0	106.560791015625
985.0	111.26991271972656
986.0	100.84232330322266
987.0	96.2425308227539
988.0	101.66177368164063
989.0	99.03392791748047
990.0	113.00212097167969
991.0	102.81665802001953
992.0	99.76343536376953
993.0	115.1105728149414
994.0	109.4141845703125
995.0	97.69375610351563
996.0	100.68682861328125
997.0	97.11808013916016
998.0	108.69865417480469
999.0	99.7311782836914
