0.0	54.80055236816406
0.1	58.03105545043945
0.2	54.907772064208984
0.3	58.878971099853516
0.4	62.26668167114258
0.5	78.2397689819336
0.6	55.54360580444336
0.7	55.3516731262207
0.8	70.09425354003906
0.9	66.86239624023438
1.0	73.70411682128906
1.1	76.7276840209961
1.2	64.4681167602539
1.3	74.29902648925781
1.4	73.13211822509766
1.5	69.10403442382813
1.6	104.49020385742188
1.7	95.38613891601563
1.8	93.42923736572266
1.9	84.05966186523438
2.0	88.21267700195313
2.1	83.05658721923828
2.2	88.58305358886719
2.3	103.18334197998047
2.4	78.9615249633789
2.5	59.954586029052734
2.6	85.14539337158203
2.7	90.06126403808594
2.8	81.5469741821289
2.9	79.54193878173828
3.0	89.54472351074219
3.1	78.59081268310547
3.2	80.83524322509766
3.3	74.10539245605469
3.4	92.37886047363281
3.5	91.38235473632813
3.6	92.3988265991211
3.7	89.1524429321289
3.8	92.65050506591797
3.9	92.28863525390625
4.0	70.93636322021484
4.1	92.71411895751953
4.2	84.80068969726563
4.3	93.0845718383789
4.4	105.81040954589844
4.5	81.0674057006836
4.6	79.57522583007813
4.7	85.06476593017578
4.8	98.89418029785156
4.9	92.81629180908203
5.0	91.0311050415039
5.1	77.0125732421875
5.2	65.40901947021484
5.3	89.81263732910156
5.4	90.41535186767578
5.5	83.86781311035156
5.6	91.46001434326172
5.7	104.217529296875
5.8	82.34293365478516
5.9	89.27246856689453
6.0	92.85929107666016
6.1	81.73641204833984
6.2	97.46257019042969
6.3	87.73397064208984
6.4	92.90847778320313
6.5	87.97917175292969
6.6	80.58020782470703
6.7	96.06855773925781
6.8	89.415283203125
6.9	94.3084945678711
7.0	83.08997344970703
7.1	86.10801696777344
7.2	90.8196029663086
7.3	89.43311309814453
7.4	90.12747192382813
7.5	101.23269653320313
7.6	86.63842010498047
7.7	84.21947479248047
7.8	89.47593688964844
7.9	78.99576568603516
8.0	87.82907104492188
8.1	85.11473083496094
8.2	81.8389892578125
8.3	84.45590209960938
8.4	81.91769409179688
8.5	96.01522064208984
8.6	93.30850982666016
8.7	81.62101745605469
8.8	77.7162857055664
8.9	91.03900146484375
9.0	73.40352630615234
9.1	88.14082336425781
9.2	89.71005249023438
9.3	87.07515716552734
9.4	80.15260314941406
9.5	91.09197998046875
9.6	84.0728988647461
9.7	85.66663360595703
9.8	84.65190124511719
9.9	83.21843719482422
10.0	90.89161682128906
10.1	96.91593170166016
10.2	90.4331283569336
10.3	91.89128875732422
10.4	93.37188720703125
10.5	82.969482421875
10.6	80.8073501586914
10.7	89.76809692382813
10.8	75.28398132324219
10.9	84.06522369384766
11.0	94.06143188476563
11.1	103.44054412841797
11.2	82.4244613647461
11.3	84.60952758789063
11.4	91.72224426269531
11.5	80.33199310302734
11.6	93.1990966796875
11.7	79.2711410522461
11.8	81.51506805419922
11.9	83.58919525146484
12.0	93.2485122680664
12.1	93.92707824707031
12.2	82.3782730102539
12.3	80.27134704589844
12.4	102.36266326904297
12.5	101.64866638183594
12.6	88.19461822509766
12.7	93.69611358642578
12.8	94.77191925048828
12.9	89.53765869140625
13.0	102.43309783935547
13.1	91.808837890625
13.2	71.35285186767578
13.3	78.86810302734375
13.4	85.69326782226563
13.5	103.93359375
13.6	88.82718658447266
13.7	104.137939453125
13.8	91.23773193359375
13.9	94.7889404296875
14.0	79.44574737548828
14.1	86.11766815185547
14.2	87.9339828491211
14.3	101.6017837524414
14.4	88.69010162353516
14.5	73.70172882080078
14.6	88.54207611083984
14.7	83.87997436523438
14.8	92.59567260742188
14.9	89.35008239746094
15.0	81.02828979492188
15.1	90.9903793334961
15.2	80.84144592285156
15.3	96.41536712646484
15.4	93.84659576416016
15.5	79.60960388183594
15.6	91.81800842285156
15.7	83.62213897705078
15.8	97.77457427978516
15.9	95.44359588623047
16.0	87.0517578125
16.1	91.21466064453125
16.2	88.23783111572266
16.3	97.13336181640625
16.4	89.96121978759766
16.5	95.3856430053711
16.6	96.3834228515625
16.7	86.96757507324219
16.8	80.53089141845703
16.9	90.65264129638672
17.0	108.78668212890625
17.1	93.78641510009766
17.2	98.83100128173828
17.3	80.8609619140625
17.4	92.24715423583984
17.5	87.81841278076172
17.6	98.58209991455078
17.7	83.29987335205078
17.8	98.2891845703125
17.9	93.72816467285156
18.0	93.3010482788086
18.1	81.37337493896484
18.2	95.603759765625
18.3	103.39105987548828
18.4	98.08892822265625
18.5	89.8228530883789
18.6	88.37140655517578
18.7	100.68419647216797
18.8	71.29239654541016
18.9	93.16464233398438
19.0	82.58171844482422
19.1	97.17648315429688
19.2	91.2734375
19.3	88.6597900390625
19.4	85.71492767333984
19.5	89.18091583251953
19.6	96.64908599853516
19.7	79.79611206054688
19.8	91.4533462524414
19.9	79.38936614990234
20.0	82.64945983886719
20.1	83.59801483154297
20.2	88.32444763183594
20.3	100.9639892578125
20.4	86.78419494628906
20.5	93.96222686767578
20.6	96.48779296875
20.7	102.59720611572266
20.8	93.66219329833984
20.9	91.25872039794922
21.0	93.56237030029297
21.1	86.48397064208984
21.2	88.64527130126953
21.3	62.087398529052734
21.4	69.83415222167969
21.5	99.9772720336914
21.6	96.4174575805664
21.7	86.09449768066406
21.8	62.75086212158203
21.9	72.33550262451172
22.0	65.3116455078125
22.1	90.96636199951172
22.2	66.38135528564453
22.3	100.06159210205078
22.4	72.92814636230469
22.5	99.84146118164063
22.6	61.7359504699707
22.7	64.94413757324219
22.8	82.2174301147461
22.9	89.14682006835938
23.0	94.0226058959961
23.1	73.08211517333984
23.2	68.00411987304688
23.3	61.80558395385742
23.4	59.595481872558594
23.5	62.63534164428711
23.6	59.137451171875
23.7	60.0359001159668
23.8	57.03269577026367
23.9	62.32170104980469
24.0	46.379756927490234
24.1	60.3231315612793
24.2	52.22053146362305
24.3	52.827430725097656
24.4	53.688499450683594
24.5	61.50657653808594
24.6	59.55665969848633
24.7	54.864990234375
24.8	57.34055709838867
24.9	61.974151611328125
25.0	53.00694274902344
25.1	57.240665435791016
25.2	60.39503860473633
25.3	60.40956115722656
25.4	68.22346496582031
25.5	64.63423919677734
25.6	65.01876831054688
25.7	66.55784606933594
25.8	63.56572341918945
25.9	68.31253814697266
26.0	65.58394622802734
26.1	88.17569732666016
26.2	85.19728088378906
26.3	82.74250030517578
26.4	81.52364349365234
26.5	72.87479400634766
26.6	84.16568756103516
26.7	86.64178466796875
26.8	78.8274917602539
26.9	89.32571411132813
27.0	81.35369110107422
27.1	87.9057388305664
27.2	84.62458801269531
27.3	82.57808685302734
27.4	82.10359954833984
27.5	86.7033462524414
27.6	90.39022064208984
27.7	81.9837875366211
27.8	91.4299545288086
27.9	93.02728271484375
28.0	87.5794906616211
28.1	85.24720764160156
28.2	78.53103637695313
28.3	79.72653198242188
28.4	81.35396575927734
28.5	85.50703430175781
28.6	81.5779800415039
28.7	85.2063217163086
28.8	87.26885223388672
28.9	84.9061050415039
29.0	85.33142852783203
29.1	82.74198913574219
29.2	81.32997131347656
29.3	80.60547637939453
29.4	83.62091827392578
29.5	81.53266143798828
29.6	74.64742279052734
29.7	82.65245056152344
29.8	84.31534576416016
29.9	83.62171173095703
30.0	85.2231674194336
30.1	79.51089477539063
30.2	90.88268280029297
30.3	93.0260009765625
30.4	85.9648208618164
30.5	88.58728790283203
30.6	91.56147003173828
30.7	82.83448028564453
30.8	83.36324310302734
30.9	84.04624938964844
31.0	84.19719696044922
31.1	89.9748764038086
31.2	90.26957702636719
31.3	81.27012634277344
31.4	88.15800476074219
31.5	86.6415786743164
31.6	95.16304779052734
31.7	90.86172485351563
31.8	84.93145751953125
31.9	85.42024993896484
32.0	84.20669555664063
32.1	92.28316497802734
32.2	86.56513214111328
32.3	91.65686798095703
32.4	86.61137390136719
32.5	81.85978698730469
32.6	85.28575897216797
32.7	90.737060546875
32.8	82.59477996826172
32.9	80.28273010253906
33.0	86.74678039550781
33.1	86.13697814941406
33.2	86.37860107421875
33.3	88.62092590332031
33.4	87.9180679321289
33.5	81.88875579833984
33.6	85.11038970947266
33.7	84.2525405883789
33.8	86.65296173095703
33.9	83.92584228515625
34.0	83.58441162109375
34.1	91.19966125488281
34.2	84.44341278076172
34.3	92.34938049316406
34.4	90.98179626464844
34.5	83.00749969482422
34.6	85.11713409423828
34.7	87.67149353027344
34.8	91.84431457519531
34.9	88.35884094238281
35.0	91.4478988647461
35.1	96.4444580078125
35.2	85.3609848022461
35.3	93.26817321777344
35.4	93.54840850830078
35.5	87.82762145996094
35.6	82.86758422851563
35.7	83.17955780029297
35.8	91.75820922851563
35.9	85.93000793457031
36.0	74.6089096069336
36.1	90.31940460205078
36.2	89.77832794189453
36.3	79.57439422607422
36.4	83.18611145019531
36.5	85.16798400878906
36.6	88.86294555664063
36.7	96.42853546142578
36.8	97.62391662597656
36.9	85.04644775390625
37.0	82.74461364746094
37.1	90.6651611328125
37.2	84.76787567138672
37.3	90.32207489013672
37.4	85.34029388427734
37.5	95.5705795288086
37.6	78.80242156982422
37.7	82.47560119628906
37.8	85.93302917480469
37.9	83.569091796875
38.0	85.16326141357422
38.1	85.84921264648438
38.2	81.99044036865234
38.3	81.6988296508789
38.4	84.16744995117188
38.5	93.29126739501953
38.6	82.36200714111328
38.7	83.540771484375
38.8	84.90963745117188
38.9	86.22525024414063
39.0	84.48542785644531
39.1	83.47767639160156
39.2	87.66830444335938
39.3	83.83758544921875
39.4	87.78104400634766
39.5	79.12166595458984
39.6	82.80855560302734
39.7	87.58748626708984
39.8	90.55792236328125
39.9	87.70277404785156
40.0	89.39990234375
40.1	80.27105712890625
40.2	78.2564468383789
40.3	76.33694458007813
40.4	90.17672729492188
40.5	82.62298583984375
40.6	88.36650848388672
40.7	84.12837982177734
40.8	81.29781341552734
40.9	76.73075866699219
41.0	83.4156723022461
41.1	83.9813461303711
41.2	87.79208374023438
41.3	101.0380859375
41.4	88.20606231689453
41.5	101.30470275878906
41.6	85.94579315185547
41.7	83.17097473144531
41.8	88.02397155761719
41.9	86.94124603271484
42.0	86.61951446533203
42.1	82.30517578125
42.2	82.68612670898438
42.3	78.45927429199219
42.4	81.82732391357422
42.5	90.56668090820313
42.6	82.76725006103516
42.7	75.45220184326172
42.8	81.538330078125
42.9	83.99878692626953
43.0	92.6916275024414
43.1	90.81343078613281
43.2	85.7829818725586
43.3	86.22152709960938
43.4	74.06547546386719
43.5	78.61520385742188
43.6	80.27994537353516
43.7	85.79387664794922
43.8	81.45772552490234
43.9	77.1780776977539
44.0	79.31236267089844
44.1	75.04594421386719
44.2	81.41900634765625
44.3	81.95563507080078
44.4	92.78897857666016
44.5	77.69004821777344
44.6	87.34700775146484
44.7	87.90077209472656
44.8	89.45764923095703
44.9	86.40352630615234
45.0	84.17288208007813
45.1	83.67328643798828
45.2	88.98599243164063
45.3	85.47251892089844
45.4	84.75093078613281
45.5	83.05013275146484
45.6	85.289306640625
45.7	87.12942504882813
45.8	80.64485168457031
45.9	89.1273193359375
46.0	88.59283447265625
46.1	82.8412857055664
46.2	88.56999206542969
46.3	73.47843933105469
46.4	86.68815612792969
46.5	83.03011322021484
46.6	82.4219970703125
46.7	85.20230102539063
46.8	84.26549530029297
46.9	80.00630187988281
47.0	88.00935363769531
47.1	88.16120910644531
47.2	98.49620819091797
47.3	80.1197280883789
47.4	83.77124786376953
47.5	87.72721862792969
47.6	81.91893005371094
47.7	84.83233642578125
47.8	83.3628158569336
47.9	83.68885803222656
48.0	83.33832550048828
48.1	88.67022705078125
48.2	80.33057403564453
48.3	78.76337432861328
48.4	91.61296844482422
48.5	80.36736297607422
48.6	88.94903564453125
48.7	75.0749282836914
48.8	86.22577667236328
48.9	80.20931243896484
49.0	75.2782974243164
49.1	86.26768493652344
49.2	83.513427734375
49.3	76.7505111694336
49.4	90.56484985351563
49.5	83.54044342041016
49.6	83.02718353271484
49.7	83.3887939453125
49.8	91.79084014892578
49.9	82.13795471191406
50.0	78.7301254272461
50.1	89.23882293701172
50.2	84.24705505371094
50.3	83.17411804199219
50.4	85.93634796142578
50.5	94.34516906738281
50.6	91.00160217285156
50.7	83.85128021240234
50.8	88.5262222290039
50.9	82.03158569335938
51.0	84.10660552978516
51.1	88.89521026611328
51.2	75.40721893310547
51.3	84.66011047363281
51.4	92.27964782714844
51.5	91.82266235351563
51.6	83.0159912109375
51.7	92.43597412109375
51.8	78.52936553955078
51.9	81.0448226928711
52.0	90.77217102050781
52.1	84.80284881591797
52.2	88.2048110961914
52.3	83.45327758789063
52.4	82.27777099609375
52.5	89.25247955322266
52.6	85.82262420654297
52.7	86.50149536132813
52.8	71.50959777832031
52.9	88.64848327636719
53.0	86.79346466064453
53.1	80.23658752441406
53.2	82.1600112915039
53.3	86.44999694824219
53.4	87.9998550415039
53.5	85.18424224853516
53.6	87.3644027709961
53.7	88.75667572021484
53.8	82.72868347167969
53.9	82.85983276367188
54.0	85.04647827148438
54.1	84.68575286865234
54.2	82.57068634033203
54.3	79.70669555664063
54.4	83.95109558105469
54.5	82.4941177368164
54.6	91.90214538574219
54.7	87.6652603149414
54.8	95.75072479248047
54.9	78.59215545654297
55.0	90.86360931396484
55.1	82.19698333740234
55.2	86.23072814941406
55.3	77.68984985351563
55.4	83.26354217529297
55.5	87.28529357910156
55.6	83.0256118774414
55.7	88.88282775878906
55.8	83.59833526611328
55.9	83.7967758178711
56.0	86.01651000976563
56.1	89.20750427246094
56.2	84.64503479003906
56.3	82.60494995117188
56.4	80.46510314941406
56.5	81.12723541259766
56.6	80.36021423339844
56.7	88.6655502319336
56.8	84.76118469238281
56.9	97.62799072265625
57.0	92.69939422607422
57.1	91.16446685791016
57.2	82.04217529296875
57.3	84.4740219116211
57.4	86.16358184814453
57.5	90.3719253540039
57.6	86.72900390625
57.7	90.75041198730469
57.8	77.20855712890625
57.9	86.524658203125
58.0	84.92597198486328
58.1	90.18783569335938
58.2	86.137451171875
58.3	93.66726684570313
58.4	95.06155395507813
58.5	87.83027648925781
58.6	83.76347351074219
58.7	93.48825073242188
58.8	82.87092590332031
58.9	92.50502014160156
59.0	91.18781280517578
59.1	84.62319946289063
59.2	94.7120590209961
59.3	84.72531127929688
59.4	84.90556335449219
59.5	82.79512023925781
59.6	97.07450103759766
59.7	87.40880584716797
59.8	79.94718933105469
59.9	94.25590515136719
60.0	85.59491729736328
60.1	81.75811004638672
60.2	87.08401489257813
60.3	84.93458557128906
60.4	90.13766479492188
60.5	88.6817626953125
60.6	86.14615631103516
60.7	84.60608673095703
60.8	93.76197052001953
60.9	84.77920532226563
61.0	86.9964599609375
61.1	76.63678741455078
61.2	85.99008178710938
61.3	86.87593841552734
61.4	80.99061584472656
61.5	88.42237854003906
61.6	85.49250793457031
61.7	83.5261001586914
61.8	84.6463394165039
61.9	91.0051040649414
62.0	83.39131164550781
62.1	89.76837158203125
62.2	87.72227478027344
62.3	88.24492645263672
62.4	81.21664428710938
62.5	85.64525604248047
62.6	73.45391082763672
62.7	87.24105834960938
62.8	89.76815032958984
62.9	94.44633483886719
63.0	89.10535430908203
63.1	87.08112335205078
63.2	91.29885864257813
63.3	84.44361877441406
63.4	84.86687469482422
63.5	85.6260986328125
63.6	87.76639556884766
63.7	86.72911071777344
63.8	79.39219665527344
63.9	85.69668579101563
64.0	90.82379150390625
64.1	97.24652862548828
64.2	86.03800201416016
64.3	80.73104858398438
64.4	83.2850570678711
64.5	78.705078125
64.6	88.30940246582031
64.7	80.76581573486328
64.8	89.73115539550781
64.9	80.61495208740234
65.0	89.65087127685547
65.1	88.126708984375
65.2	90.21856689453125
65.3	95.87165069580078
65.4	84.01087188720703
65.5	81.6904296875
65.6	97.28926849365234
65.7	97.37132263183594
65.8	102.06464385986328
65.9	88.50029754638672
66.0	101.32234191894531
66.1	94.47994995117188
66.2	96.22760772705078
66.3	94.93891143798828
66.4	84.57096862792969
66.5	98.26251220703125
66.6	92.20117950439453
66.7	97.00836181640625
66.8	80.44005584716797
66.9	95.48313903808594
67.0	94.3011703491211
67.1	97.77655792236328
67.2	82.5121078491211
67.3	83.93624877929688
67.4	96.22782135009766
67.5	80.68998718261719
67.6	98.8973159790039
67.7	91.43606567382813
67.8	82.52406311035156
67.9	94.48657989501953
68.0	87.06192779541016
68.1	96.85829162597656
68.2	84.9568862915039
68.3	96.20399475097656
68.4	95.07889556884766
68.5	89.19937896728516
68.6	90.77922821044922
68.7	83.23322296142578
68.8	95.34396362304688
68.9	97.43467712402344
69.0	93.68399810791016
69.1	90.17709350585938
69.2	99.74324798583984
69.3	90.98811340332031
69.4	105.43309783935547
69.5	81.91168975830078
69.6	81.71599578857422
69.7	98.29498291015625
69.8	88.47123718261719
69.9	92.57054138183594
70.0	82.12187957763672
70.1	93.900390625
70.2	100.08335876464844
70.3	102.01519775390625
70.4	98.91901397705078
70.5	97.61768341064453
70.6	101.04237365722656
70.7	98.74214172363281
70.8	84.60481262207031
70.9	92.05413818359375
71.0	104.2754898071289
71.1	91.8543930053711
71.2	82.59243774414063
71.3	88.39229583740234
71.4	105.033447265625
71.5	90.53758239746094
71.6	90.17615509033203
71.7	95.62171936035156
71.8	83.82960510253906
71.9	85.91820526123047
72.0	77.2099380493164
72.1	81.25968170166016
72.2	82.5805435180664
72.3	89.25606536865234
72.4	84.89208984375
72.5	100.06881713867188
72.6	83.95293426513672
72.7	97.44538879394531
72.8	94.8320083618164
72.9	91.42031860351563
73.0	86.27656555175781
73.1	89.16584014892578
73.2	94.11438751220703
73.3	97.70868682861328
73.4	90.15702819824219
73.5	91.66374206542969
73.6	88.15648651123047
73.7	83.57249450683594
73.8	91.34196472167969
73.9	91.42576599121094
74.0	90.92713165283203
74.1	87.70091247558594
74.2	84.40908813476563
74.3	90.03140258789063
74.4	94.62651062011719
74.5	90.52446746826172
74.6	98.80420684814453
74.7	91.98162078857422
74.8	101.07215881347656
74.9	98.48410034179688
75.0	94.59500885009766
75.1	78.4518051147461
75.2	90.28535461425781
75.3	99.51402282714844
75.4	94.84339141845703
75.5	97.25102996826172
75.6	93.18001556396484
75.7	75.7573471069336
75.8	80.59782409667969
75.9	99.85200500488281
76.0	99.55900573730469
76.1	88.14624786376953
76.2	95.31652069091797
76.3	103.63675689697266
76.4	91.96504211425781
76.5	90.2828140258789
76.6	83.76303100585938
76.7	85.3745346069336
76.8	90.83306121826172
76.9	90.73896789550781
77.0	92.1676254272461
77.1	99.51052856445313
77.2	93.01874542236328
77.3	98.81745910644531
77.4	93.90977478027344
77.5	89.8003921508789
77.6	75.59459686279297
77.7	103.04937744140625
77.8	84.88541412353516
77.9	99.24854278564453
78.0	88.18878173828125
78.1	98.63361358642578
78.2	85.72679901123047
78.3	82.43508911132813
78.4	91.67951965332031
78.5	89.76588439941406
78.6	83.65016174316406
78.7	88.88800048828125
78.8	86.04987335205078
78.9	96.82244110107422
79.0	81.58385467529297
79.1	90.3604736328125
79.2	92.81082153320313
79.3	99.46376037597656
79.4	83.04969024658203
79.5	96.5370101928711
79.6	100.28655242919922
79.7	100.62444305419922
79.8	95.46248626708984
79.9	96.01197814941406
80.0	79.01110076904297
80.1	90.34703826904297
80.2	85.43733215332031
80.3	83.68408203125
80.4	89.63587188720703
80.5	94.40272521972656
80.6	97.33364868164063
80.7	81.6595458984375
80.8	104.87312316894531
80.9	87.69375610351563
81.0	96.53916931152344
81.1	89.36006164550781
81.2	100.94313049316406
81.3	90.83362579345703
81.4	99.20872497558594
81.5	94.9654769897461
81.6	102.58113861083984
81.7	103.85799407958984
81.8	105.62239074707031
81.9	97.66841125488281
82.0	94.23284912109375
82.1	82.71200561523438
82.2	80.1462631225586
82.3	101.11626434326172
82.4	87.76963806152344
82.5	105.44222259521484
82.6	99.43434143066406
82.7	91.60359954833984
82.8	79.16438293457031
82.9	84.5483169555664
83.0	95.9896240234375
83.1	92.8404769897461
83.2	95.85077667236328
83.3	97.66513061523438
83.4	92.41800689697266
83.5	96.969482421875
83.6	84.80696105957031
83.7	83.4520492553711
83.8	86.58622741699219
83.9	88.12760925292969
84.0	86.37104034423828
84.1	99.33804321289063
84.2	98.17130279541016
84.3	82.0666732788086
84.4	99.29994201660156
84.5	98.02804565429688
84.6	86.47075653076172
84.7	97.15280151367188
84.8	83.55812072753906
84.9	87.17066955566406
85.0	81.07128143310547
85.1	93.79912567138672
85.2	91.15410614013672
85.3	88.72540283203125
85.4	100.50188446044922
85.5	97.86390686035156
85.6	83.18785858154297
85.7	87.62150573730469
85.8	103.58171081542969
85.9	92.79324340820313
86.0	88.64765930175781
86.1	93.85363006591797
86.2	87.25035095214844
86.3	87.48632049560547
86.4	90.4128646850586
86.5	89.4144515991211
86.6	94.17274475097656
86.7	91.5249252319336
86.8	82.8412857055664
86.9	96.46395111083984
87.0	88.4504623413086
87.1	84.94195556640625
87.2	85.95204162597656
87.3	81.20236206054688
87.4	89.830078125
87.5	97.09075164794922
87.6	95.12405395507813
87.7	98.52423858642578
87.8	93.6837158203125
87.9	94.59117126464844
88.0	105.38508605957031
88.1	90.13265228271484
88.2	96.81201934814453
88.3	94.34367370605469
88.4	92.03933715820313
88.5	92.01358795166016
88.6	97.14399719238281
88.7	102.73169708251953
88.8	96.60130310058594
88.9	93.70393371582031
89.0	101.78004455566406
89.1	93.36431884765625
89.2	93.6122817993164
89.3	87.35955047607422
89.4	83.87417602539063
89.5	85.3586654663086
89.6	83.81149291992188
89.7	104.6305160522461
89.8	90.47063446044922
89.9	90.02447509765625
90.0	89.75401306152344
90.1	96.82210540771484
90.2	99.80635070800781
90.3	92.3022689819336
90.4	84.41313171386719
90.5	88.25988006591797
90.6	91.22569274902344
90.7	78.40727233886719
90.8	97.48321533203125
90.9	87.09652709960938
91.0	97.1212158203125
91.1	77.245361328125
91.2	93.38060760498047
91.3	98.51292419433594
91.4	97.4113998413086
91.5	96.61719512939453
91.6	77.06696319580078
91.7	97.53264617919922
91.8	82.99834442138672
91.9	81.50636291503906
92.0	90.19278717041016
92.1	91.82485961914063
92.2	95.43970489501953
92.3	83.18191528320313
92.4	90.9725341796875
92.5	88.4506607055664
92.6	93.37606811523438
92.7	81.09518432617188
92.8	96.00106048583984
92.9	106.86360168457031
93.0	99.42835235595703
93.1	92.40306854248047
93.2	92.76739501953125
93.3	100.70824432373047
93.4	98.63214874267578
93.5	92.45282745361328
93.6	103.03734588623047
93.7	91.30219268798828
93.8	95.3804702758789
93.9	80.97212219238281
94.0	91.7944107055664
94.1	97.4989013671875
94.2	103.58810424804688
94.3	84.55487823486328
94.4	98.1753921508789
94.5	75.79484558105469
94.6	86.07258605957031
94.7	92.59805297851563
94.8	77.87674713134766
94.9	90.7776870727539
95.0	89.99676513671875
95.1	91.18785095214844
95.2	90.54064178466797
95.3	96.49398803710938
95.4	90.01183319091797
95.5	103.5387954711914
95.6	101.75312805175781
95.7	83.04908752441406
95.8	89.63200378417969
95.9	96.57481384277344
96.0	91.37267303466797
96.1	89.12725830078125
96.2	94.2613296508789
96.3	93.37957000732422
96.4	91.69952392578125
96.5	90.40970611572266
96.6	97.80326080322266
96.7	81.01220703125
96.8	90.06378173828125
96.9	90.26776123046875
97.0	103.61963653564453
97.1	83.52281188964844
97.2	102.92015075683594
97.3	92.73379516601563
97.4	88.3327865600586
97.5	83.37813568115234
97.6	98.39949798583984
97.7	88.18741607666016
97.8	95.9503402709961
97.9	103.55908203125
98.0	90.54747772216797
98.1	86.902099609375
98.2	91.46852111816406
98.3	90.48904418945313
98.4	81.40606689453125
98.5	95.85946655273438
98.6	92.10357666015625
98.7	85.60395812988281
98.8	90.93439483642578
98.9	88.01708984375
99.0	78.03115844726563
99.1	88.69406127929688
99.2	88.5212631225586
99.3	97.11746978759766
99.4	96.51850891113281
99.5	86.04336547851563
99.6	86.38896942138672
99.7	101.49640655517578
99.8	88.72782897949219
99.9	91.1849136352539
