0.0	68.99876403808594
1.0	83.93341064453125
2.0	66.22988891601563
3.0	67.32331085205078
4.0	66.07823944091797
5.0	82.94949340820313
6.0	74.13256072998047
7.0	77.01139831542969
8.0	120.52351379394531
9.0	131.40545654296875
10.0	118.2413101196289
11.0	120.76676177978516
12.0	118.62305450439453
13.0	101.30524444580078
14.0	120.364013671875
15.0	82.51500701904297
16.0	68.13459777832031
17.0	85.65345764160156
18.0	64.64122772216797
19.0	64.35920715332031
20.0	72.82701110839844
21.0	114.6152572631836
22.0	88.42232513427734
23.0	79.16698455810547
24.0	85.65242004394531
25.0	87.89791107177734
26.0	77.9202880859375
27.0	91.5647201538086
28.0	93.67371368408203
29.0	90.44185638427734
30.0	87.29054260253906
31.0	94.73318481445313
32.0	87.01860809326172
33.0	106.58777618408203
34.0	87.01019287109375
35.0	94.58809661865234
36.0	86.98471069335938
37.0	98.44644165039063
38.0	85.6722412109375
39.0	88.63700866699219
40.0	75.3916244506836
41.0	75.778564453125
42.0	66.66351318359375
43.0	63.73917770385742
44.0	58.53288269042969
45.0	68.73694610595703
46.0	77.31747436523438
47.0	73.471923828125
48.0	63.06574630737305
49.0	61.25373077392578
50.0	68.98458099365234
51.0	67.31822204589844
52.0	60.94157028198242
53.0	69.2200698852539
54.0	70.43827056884766
55.0	67.1070785522461
56.0	67.97854614257813
57.0	73.80509948730469
58.0	71.7319107055664
59.0	69.95936584472656
60.0	65.8351058959961
61.0	69.20392608642578
62.0	68.87647247314453
63.0	68.75196075439453
64.0	73.0348129272461
65.0	70.29712677001953
66.0	61.6503791809082
67.0	60.817935943603516
68.0	56.214603424072266
69.0	66.3031997680664
70.0	75.7326431274414
71.0	78.3906478881836
72.0	68.07063293457031
73.0	64.50601196289063
74.0	63.76866149902344
75.0	68.15335845947266
76.0	60.79349136352539
77.0	56.064170837402344
78.0	67.65839385986328
79.0	62.28447723388672
80.0	65.5145034790039
81.0	71.1399154663086
82.0	65.93633270263672
83.0	74.73272705078125
84.0	73.18338012695313
85.0	77.56321716308594
86.0	83.04485321044922
87.0	71.07036590576172
88.0	60.610477447509766
89.0	56.87435531616211
90.0	71.25836944580078
91.0	66.59713745117188
92.0	66.80664825439453
93.0	72.78165435791016
94.0	107.13162231445313
95.0	85.10861206054688
96.0	89.90311431884766
97.0	89.95328521728516
98.0	112.79926300048828
99.0	95.11602783203125
100.0	90.8714599609375
101.0	109.04179382324219
102.0	99.93759155273438
103.0	69.3986587524414
104.0	65.59978485107422
105.0	67.93623352050781
106.0	67.07483673095703
107.0	76.84374237060547
108.0	75.64596557617188
109.0	64.68622589111328
110.0	72.39860534667969
111.0	62.00333023071289
112.0	74.18705749511719
113.0	64.70118713378906
114.0	71.4000244140625
115.0	71.23136138916016
116.0	62.41769790649414
117.0	98.65872955322266
118.0	61.51639175415039
119.0	67.9979248046875
120.0	65.4008560180664
121.0	69.09883117675781
122.0	69.54716491699219
123.0	72.82539367675781
124.0	58.28465270996094
125.0	68.00175476074219
126.0	70.28873443603516
127.0	68.49116516113281
128.0	58.308902740478516
129.0	77.73242950439453
130.0	73.98939514160156
131.0	63.47367858886719
132.0	84.7700424194336
133.0	64.048095703125
134.0	68.9161605834961
135.0	75.10899353027344
136.0	70.68489837646484
137.0	64.01968383789063
138.0	76.845703125
139.0	84.25084686279297
140.0	96.79969787597656
141.0	109.2310562133789
142.0	117.0700454711914
143.0	130.24896240234375
144.0	134.3268585205078
145.0	128.7260284423828
146.0	139.1212921142578
147.0	120.05223083496094
148.0	110.06104278564453
149.0	121.86558532714844
150.0	102.44468688964844
151.0	72.94892120361328
152.0	77.3704605102539
153.0	73.05135345458984
154.0	60.179996490478516
155.0	65.27037048339844
156.0	63.752685546875
157.0	62.09745788574219
158.0	68.13410186767578
159.0	80.36866760253906
160.0	78.14800262451172
161.0	110.0246353149414
162.0	65.01652526855469
163.0	59.033878326416016
164.0	65.7044448852539
165.0	68.11351776123047
166.0	72.75658416748047
167.0	55.64316940307617
168.0	77.07842254638672
169.0	65.17232513427734
170.0	74.84446716308594
171.0	84.16312408447266
172.0	65.22809600830078
173.0	67.82671356201172
174.0	67.92662048339844
175.0	65.0588150024414
176.0	71.42832946777344
177.0	68.18110656738281
178.0	66.03813171386719
179.0	63.60550308227539
180.0	68.07440948486328
181.0	71.91670989990234
182.0	74.7376937866211
183.0	73.1259994506836
184.0	63.95296859741211
185.0	65.20077514648438
186.0	63.924922943115234
187.0	71.39156341552734
188.0	71.52299499511719
189.0	69.97106170654297
190.0	72.9239501953125
191.0	75.23191833496094
192.0	67.59554290771484
193.0	76.75167846679688
194.0	70.78047943115234
195.0	61.922584533691406
196.0	61.5802001953125
197.0	73.4593276977539
198.0	69.24544525146484
199.0	66.14285278320313
200.0	71.82964324951172
201.0	69.99372863769531
202.0	72.1197280883789
203.0	67.08096313476563
204.0	61.73184585571289
205.0	65.92691040039063
206.0	70.58726501464844
207.0	66.72740173339844
208.0	64.75659942626953
209.0	62.86696243286133
210.0	74.58212280273438
211.0	67.49563598632813
212.0	73.64644622802734
213.0	77.71244049072266
214.0	83.78301239013672
215.0	58.52067184448242
216.0	69.77778625488281
217.0	59.1386604309082
218.0	67.85699462890625
219.0	56.67319107055664
220.0	62.0472412109375
221.0	75.04074096679688
222.0	64.37616729736328
223.0	102.15939331054688
224.0	77.65199279785156
225.0	62.7868766784668
226.0	67.55888366699219
227.0	61.54961013793945
228.0	59.575199127197266
229.0	59.869171142578125
230.0	93.10006713867188
231.0	58.23777770996094
232.0	76.12606811523438
233.0	65.9114990234375
234.0	69.02310180664063
235.0	60.45500183105469
236.0	69.38983917236328
237.0	59.42659378051758
238.0	62.61998748779297
239.0	58.5785026550293
240.0	87.69178009033203
241.0	95.16089630126953
242.0	68.53559112548828
243.0	67.1690902709961
244.0	71.74063873291016
245.0	66.08354949951172
246.0	59.82978820800781
247.0	64.29216766357422
248.0	64.36268615722656
249.0	65.25627899169922
250.0	65.78810119628906
251.0	64.27871704101563
252.0	53.322628021240234
253.0	76.03681945800781
254.0	63.68743133544922
255.0	63.260101318359375
256.0	62.0470085144043
257.0	64.7431869506836
258.0	67.72467041015625
259.0	64.62416076660156
260.0	65.98143768310547
261.0	55.695369720458984
262.0	57.45585250854492
263.0	65.08609771728516
264.0	65.2044677734375
265.0	63.805667877197266
266.0	72.86893463134766
267.0	73.83241271972656
268.0	65.45743560791016
269.0	72.14337158203125
270.0	76.46668243408203
271.0	66.35631561279297
272.0	62.10324478149414
273.0	69.63166809082031
274.0	73.05970764160156
275.0	66.83378601074219
276.0	67.7052993774414
277.0	69.83223724365234
278.0	71.29779815673828
279.0	66.66983795166016
280.0	75.87265014648438
281.0	68.16226959228516
282.0	70.41546630859375
283.0	73.00152587890625
284.0	63.726444244384766
285.0	58.929622650146484
286.0	53.797977447509766
287.0	73.84196472167969
288.0	69.4209213256836
289.0	68.87523651123047
290.0	70.214599609375
291.0	58.176544189453125
292.0	65.82023620605469
293.0	66.22122192382813
294.0	83.5486068725586
295.0	66.6928939819336
296.0	64.90196228027344
297.0	66.16557312011719
298.0	69.3011474609375
299.0	76.44895935058594
300.0	62.57410430908203
301.0	66.15487670898438
302.0	70.64522552490234
303.0	62.19032669067383
304.0	61.30889129638672
305.0	62.13481903076172
306.0	62.0406379699707
307.0	63.091339111328125
308.0	62.689334869384766
309.0	60.851959228515625
310.0	63.20073699951172
311.0	63.446815490722656
312.0	61.822200775146484
313.0	71.86726379394531
314.0	66.39989471435547
315.0	70.60961151123047
316.0	62.5421028137207
317.0	63.14993667602539
318.0	61.33084487915039
319.0	65.2472915649414
320.0	58.334877014160156
321.0	65.37324523925781
322.0	64.74644470214844
323.0	66.38212585449219
324.0	76.94923400878906
325.0	56.36848068237305
326.0	61.982418060302734
327.0	66.03148651123047
328.0	60.889564514160156
329.0	67.87409973144531
330.0	57.78953170776367
331.0	64.1489486694336
332.0	82.54656219482422
333.0	77.81137084960938
334.0	77.79420471191406
335.0	76.52363586425781
336.0	77.33834075927734
337.0	65.74923706054688
338.0	71.72738647460938
339.0	66.24836730957031
340.0	54.33138656616211
341.0	62.692134857177734
342.0	63.636131286621094
343.0	61.94775390625
344.0	69.11254119873047
345.0	74.62496948242188
346.0	65.68499755859375
347.0	57.680625915527344
348.0	68.52828216552734
349.0	69.61693572998047
350.0	67.74569702148438
351.0	72.2537841796875
352.0	65.02919006347656
353.0	70.00215911865234
354.0	68.58779907226563
355.0	66.63826751708984
356.0	71.88748931884766
357.0	69.94451141357422
358.0	73.81612396240234
359.0	72.74087524414063
360.0	69.98273468017578
361.0	75.36811828613281
362.0	55.38261795043945
363.0	71.92279052734375
364.0	71.1420669555664
365.0	63.3630256652832
366.0	66.75640106201172
367.0	76.63165283203125
368.0	71.6563949584961
369.0	65.25398254394531
370.0	60.99684143066406
371.0	70.18867492675781
372.0	76.7322769165039
373.0	70.80278015136719
374.0	71.06504821777344
375.0	62.86991882324219
376.0	63.1513557434082
377.0	81.03147888183594
378.0	77.7452392578125
379.0	77.47423553466797
380.0	76.88085174560547
381.0	63.85385513305664
382.0	66.03612518310547
383.0	63.619075775146484
384.0	64.47364807128906
385.0	76.8257064819336
386.0	62.66094207763672
387.0	69.55620574951172
388.0	77.0625228881836
389.0	80.07549285888672
390.0	70.9969711303711
391.0	59.877685546875
392.0	60.09406661987305
393.0	62.7652473449707
394.0	62.9838752746582
395.0	62.77067565917969
396.0	64.53985595703125
397.0	67.76250457763672
398.0	61.87594985961914
399.0	70.12728881835938
400.0	63.18278884887695
401.0	67.7643051147461
402.0	63.732662200927734
403.0	65.451171875
404.0	64.3258056640625
405.0	64.45126342773438
406.0	61.29082107543945
407.0	61.42524337768555
408.0	68.15214538574219
409.0	59.65404510498047
410.0	63.7730598449707
411.0	64.59835815429688
412.0	66.37886810302734
413.0	61.31768798828125
414.0	74.53823852539063
415.0	91.73989868164063
416.0	77.30642700195313
417.0	78.14329528808594
418.0	66.55299377441406
419.0	72.91239166259766
420.0	69.52896118164063
421.0	73.63516235351563
422.0	67.17927551269531
423.0	75.18133544921875
424.0	62.316768646240234
425.0	69.24523162841797
426.0	73.13729858398438
427.0	64.06407165527344
428.0	82.10739135742188
429.0	65.02617645263672
430.0	87.87207794189453
431.0	84.56644439697266
432.0	69.66825103759766
433.0	69.2528076171875
434.0	78.00740051269531
435.0	76.49575805664063
436.0	87.40397644042969
437.0	81.73468017578125
438.0	62.04557418823242
439.0	68.89466094970703
440.0	57.18590545654297
441.0	63.098934173583984
442.0	66.23365020751953
443.0	69.69905090332031
444.0	64.08221435546875
445.0	73.15812683105469
446.0	60.63368606567383
447.0	77.25213623046875
448.0	64.80023956298828
449.0	83.72277069091797
450.0	75.67389678955078
451.0	59.719635009765625
452.0	89.78681182861328
453.0	70.201904296875
454.0	65.15336608886719
455.0	89.31671142578125
456.0	74.23221588134766
457.0	50.87070846557617
458.0	77.18421936035156
459.0	84.556640625
460.0	70.93964385986328
461.0	77.86933898925781
462.0	86.01849365234375
463.0	63.322296142578125
464.0	65.2486572265625
465.0	48.91756057739258
466.0	60.11936569213867
467.0	67.15869903564453
468.0	64.00798797607422
469.0	66.22017669677734
470.0	73.40142822265625
471.0	73.28490447998047
472.0	62.176307678222656
473.0	67.502685546875
474.0	60.94049835205078
475.0	66.06465911865234
476.0	77.51260375976563
477.0	80.80450439453125
478.0	66.23200988769531
479.0	64.3184814453125
480.0	78.11943817138672
481.0	74.50724029541016
482.0	63.64387512207031
483.0	67.8641128540039
484.0	86.41410064697266
485.0	61.40636444091797
486.0	69.39224243164063
487.0	56.59134292602539
488.0	72.1177978515625
489.0	70.0811538696289
490.0	58.5197639465332
491.0	62.981571197509766
492.0	66.66195678710938
493.0	65.0138168334961
494.0	69.77544403076172
495.0	65.04850769042969
496.0	65.40679168701172
497.0	66.85687255859375
498.0	61.30595397949219
499.0	66.24183654785156
500.0	64.8807373046875
501.0	55.00301742553711
502.0	76.29011535644531
503.0	65.30220794677734
504.0	67.53755187988281
505.0	61.36132049560547
506.0	64.96345520019531
507.0	70.13119506835938
508.0	57.80210876464844
509.0	60.68244171142578
510.0	66.84740447998047
511.0	58.3259162902832
512.0	55.18537902832031
513.0	68.17047882080078
514.0	63.35163116455078
515.0	63.18046569824219
516.0	74.37567138671875
517.0	58.608768463134766
518.0	61.15868377685547
519.0	59.298095703125
520.0	61.833499908447266
521.0	58.344364166259766
522.0	57.17216491699219
523.0	59.751644134521484
524.0	61.47880554199219
525.0	68.13652038574219
526.0	72.28763580322266
527.0	61.9224739074707
528.0	69.47796630859375
529.0	60.02640914916992
530.0	49.330074310302734
531.0	67.40275573730469
532.0	69.28804016113281
533.0	70.1489028930664
534.0	51.04214096069336
535.0	72.94499206542969
536.0	71.08081817626953
537.0	72.83971405029297
538.0	56.77202606201172
539.0	65.16929626464844
540.0	44.74728775024414
541.0	50.49154281616211
542.0	73.65955352783203
543.0	64.65362548828125
544.0	70.78914642333984
545.0	67.94449615478516
546.0	71.8121109008789
547.0	79.4916763305664
548.0	60.297340393066406
549.0	63.15219497680664
550.0	70.43775939941406
551.0	72.40225982666016
552.0	66.64310455322266
553.0	63.65338897705078
554.0	67.99169158935547
555.0	53.81972885131836
556.0	57.44221115112305
557.0	67.8791275024414
558.0	76.0607681274414
559.0	67.21284484863281
560.0	72.35257720947266
561.0	74.60761260986328
562.0	71.48249053955078
563.0	62.78657531738281
564.0	75.30254364013672
565.0	61.26595687866211
566.0	62.56082534790039
567.0	67.48941802978516
568.0	80.31434631347656
569.0	69.44730377197266
570.0	61.936012268066406
571.0	60.60894775390625
572.0	62.69287872314453
573.0	62.51491165161133
574.0	58.33710479736328
575.0	66.79032897949219
576.0	68.75848388671875
577.0	60.92691421508789
578.0	60.08283996582031
579.0	65.56005859375
580.0	59.97541809082031
581.0	71.68387603759766
582.0	64.83470153808594
583.0	76.11251068115234
584.0	73.52223205566406
585.0	65.6563491821289
586.0	82.25479888916016
587.0	67.99407958984375
588.0	87.14562225341797
589.0	81.04584503173828
590.0	72.99339294433594
591.0	62.41640090942383
592.0	78.68440246582031
593.0	58.52069091796875
594.0	75.72582244873047
595.0	71.3504867553711
596.0	77.17484283447266
597.0	69.86936950683594
598.0	71.41629791259766
599.0	63.534217834472656
600.0	81.05745697021484
601.0	90.98754119873047
602.0	74.69639587402344
603.0	81.3502197265625
604.0	60.305694580078125
605.0	63.16429901123047
606.0	75.883544921875
607.0	77.42694854736328
608.0	74.8438949584961
609.0	70.92891693115234
610.0	61.499603271484375
611.0	70.75189208984375
612.0	68.00003051757813
613.0	65.08596801757813
614.0	60.32427215576172
615.0	81.41423034667969
616.0	69.39234924316406
617.0	69.97756958007813
618.0	65.51443481445313
619.0	62.397972106933594
620.0	72.12469482421875
621.0	79.8989028930664
622.0	63.20909881591797
623.0	69.44680786132813
624.0	64.69886016845703
625.0	61.770694732666016
626.0	64.77839660644531
627.0	64.80068969726563
628.0	78.53038787841797
629.0	67.64816284179688
630.0	63.76568603515625
631.0	64.20557403564453
632.0	59.585819244384766
633.0	78.73799896240234
634.0	78.72705841064453
635.0	67.65911865234375
636.0	71.35888671875
637.0	63.54712677001953
638.0	63.020389556884766
639.0	68.3338623046875
640.0	72.30274963378906
641.0	72.05904388427734
642.0	75.7757797241211
643.0	74.00749206542969
644.0	71.30013275146484
645.0	70.84547424316406
646.0	65.95414733886719
647.0	86.5992431640625
648.0	81.03363800048828
649.0	86.12348937988281
650.0	91.5618896484375
651.0	102.09021759033203
652.0	90.13988494873047
653.0	99.84791564941406
654.0	97.36148071289063
655.0	84.85591888427734
656.0	90.91143035888672
657.0	91.09696960449219
658.0	87.6181640625
659.0	65.83425903320313
660.0	56.33112335205078
661.0	81.23552703857422
662.0	66.48428344726563
663.0	69.40850067138672
664.0	83.6733627319336
665.0	79.63880157470703
666.0	66.95878601074219
667.0	60.75146484375
668.0	71.6040267944336
669.0	65.70977020263672
670.0	71.94682312011719
671.0	60.82564163208008
672.0	62.33658981323242
673.0	69.37052154541016
674.0	77.84758758544922
675.0	60.22886657714844
676.0	73.84070587158203
677.0	71.53689575195313
678.0	64.85784912109375
679.0	60.69605255126953
680.0	63.4127082824707
681.0	67.12004852294922
682.0	63.089664459228516
683.0	68.6973876953125
684.0	66.05269622802734
685.0	62.54875564575195
686.0	64.14811706542969
687.0	62.454833984375
688.0	60.17162322998047
689.0	64.6290283203125
690.0	56.28729248046875
691.0	59.95233917236328
692.0	104.95674896240234
693.0	63.405208587646484
694.0	65.18940734863281
695.0	62.934383392333984
696.0	58.88256072998047
697.0	68.26573944091797
698.0	64.42984771728516
699.0	67.232666015625
700.0	59.17680740356445
701.0	59.436859130859375
702.0	60.821258544921875
703.0	70.62640380859375
704.0	62.97702407836914
705.0	60.462093353271484
706.0	57.03400802612305
707.0	56.16372299194336
708.0	74.49491882324219
709.0	67.1480484008789
710.0	69.7556381225586
711.0	59.92032241821289
712.0	46.89411926269531
713.0	64.42864227294922
714.0	71.45133209228516
715.0	63.0310173034668
716.0	62.025474548339844
717.0	63.332977294921875
718.0	70.38587951660156
719.0	62.43461608886719
720.0	66.3010482788086
721.0	62.14664077758789
722.0	63.31736373901367
723.0	58.79808044433594
724.0	61.78744888305664
725.0	63.57368087768555
726.0	62.48935317993164
727.0	63.11023712158203
728.0	89.65483856201172
729.0	86.12049102783203
730.0	98.88458251953125
731.0	86.24324035644531
732.0	97.2507553100586
733.0	81.48350524902344
734.0	96.5411605834961
735.0	91.08472442626953
736.0	86.56891632080078
737.0	92.8266372680664
738.0	88.24961853027344
739.0	89.504150390625
740.0	97.2995834350586
741.0	105.23767852783203
742.0	80.60334777832031
743.0	96.71785736083984
744.0	78.54307556152344
745.0	78.64854431152344
746.0	111.58016967773438
747.0	87.09172821044922
748.0	110.02069091796875
749.0	75.5790023803711
750.0	64.6142578125
751.0	65.46961212158203
752.0	64.35578918457031
753.0	65.90475463867188
754.0	79.31327819824219
755.0	61.136497497558594
756.0	57.22769546508789
757.0	72.49698638916016
758.0	62.48947525024414
759.0	76.85630798339844
760.0	62.8416748046875
761.0	69.42282104492188
762.0	60.65478515625
763.0	62.08845520019531
764.0	68.45255279541016
765.0	91.43791198730469
766.0	60.488525390625
767.0	58.59906005859375
768.0	73.16967010498047
769.0	65.65351867675781
770.0	77.71282196044922
771.0	66.52734375
772.0	62.683467864990234
773.0	63.398433685302734
774.0	61.08168411254883
775.0	66.53189086914063
776.0	72.015869140625
777.0	73.19664764404297
778.0	65.32061767578125
779.0	71.33023834228516
780.0	61.553993225097656
781.0	63.7520866394043
782.0	60.786949157714844
783.0	62.10264205932617
784.0	63.388145446777344
785.0	59.98162078857422
786.0	62.61813735961914
787.0	74.467529296875
788.0	60.516056060791016
789.0	70.93083190917969
790.0	64.1097640991211
791.0	92.28675079345703
792.0	88.34394073486328
793.0	74.24446868896484
794.0	75.84083557128906
795.0	80.40564727783203
796.0	62.952823638916016
797.0	65.46358489990234
798.0	75.85394287109375
799.0	72.76077270507813
800.0	49.34272384643555
801.0	62.26750183105469
802.0	68.75472259521484
803.0	57.37563705444336
804.0	77.60135650634766
805.0	53.81282424926758
806.0	72.09024810791016
807.0	72.17176055908203
808.0	73.89905548095703
809.0	58.96535110473633
810.0	71.38484191894531
811.0	63.4014778137207
812.0	64.980712890625
813.0	70.09992980957031
814.0	85.02587127685547
815.0	63.528480529785156
816.0	80.70387268066406
817.0	63.292659759521484
818.0	62.40323257446289
819.0	66.52835845947266
820.0	60.25535583496094
821.0	59.09187316894531
822.0	77.65332794189453
823.0	56.82224655151367
824.0	70.58627319335938
825.0	67.5966567993164
826.0	76.01129150390625
827.0	73.67252349853516
828.0	74.6573486328125
829.0	95.07371520996094
830.0	76.06806182861328
831.0	66.19050598144531
832.0	80.92073822021484
833.0	73.07685089111328
834.0	74.7551040649414
835.0	62.42908477783203
836.0	63.97674560546875
837.0	70.48991394042969
838.0	62.803524017333984
839.0	78.42052459716797
840.0	83.53660583496094
841.0	91.27204132080078
842.0	79.77877044677734
843.0	80.64214324951172
844.0	62.19594955444336
845.0	63.198184967041016
846.0	76.0321273803711
847.0	64.10594177246094
848.0	72.28068542480469
849.0	65.90074920654297
850.0	63.258392333984375
851.0	68.80316162109375
852.0	60.89146423339844
853.0	70.55393981933594
854.0	77.46118927001953
855.0	68.92859649658203
856.0	70.91079711914063
857.0	61.61427688598633
858.0	60.60517883300781
859.0	62.62138748168945
860.0	70.8508529663086
861.0	85.58386993408203
862.0	85.63131713867188
863.0	87.61587524414063
864.0	105.83113098144531
865.0	80.7129898071289
866.0	85.34002685546875
867.0	63.013031005859375
868.0	59.490352630615234
869.0	67.30667114257813
870.0	74.48719787597656
871.0	71.3279800415039
872.0	69.1570816040039
873.0	63.79819107055664
874.0	62.62260437011719
875.0	61.893585205078125
876.0	64.03663635253906
877.0	58.802391052246094
878.0	60.18074417114258
879.0	60.072940826416016
880.0	60.08182907104492
881.0	74.37178802490234
882.0	62.04993438720703
883.0	59.38947677612305
884.0	63.62576675415039
885.0	58.41215896606445
886.0	82.05988311767578
887.0	73.15202331542969
888.0	72.96733093261719
889.0	78.53630828857422
890.0	91.2997817993164
891.0	64.0407943725586
892.0	56.248172760009766
893.0	65.1658706665039
894.0	74.88957977294922
895.0	62.616920471191406
896.0	62.076072692871094
897.0	70.74341583251953
898.0	75.89155578613281
899.0	67.03654479980469
900.0	65.9847412109375
901.0	61.487144470214844
902.0	61.49757766723633
903.0	66.35781860351563
904.0	71.85787200927734
905.0	62.013370513916016
906.0	57.98712921142578
907.0	63.1614875793457
908.0	68.87930297851563
909.0	64.9702377319336
910.0	66.61172485351563
911.0	65.0108871459961
912.0	61.135868072509766
913.0	59.799835205078125
914.0	60.26831817626953
915.0	84.1313247680664
916.0	80.3521499633789
917.0	72.26685333251953
918.0	69.88360595703125
919.0	69.11343383789063
920.0	73.27415466308594
921.0	60.47700881958008
922.0	64.09846496582031
923.0	79.07475280761719
924.0	66.27985382080078
925.0	81.53362274169922
926.0	71.31014251708984
927.0	65.05465698242188
928.0	80.73163604736328
929.0	68.05672454833984
930.0	65.39923858642578
931.0	59.02579879760742
932.0	65.72430419921875
933.0	75.3736572265625
934.0	69.31250762939453
935.0	62.20063400268555
936.0	64.89299774169922
937.0	60.062042236328125
938.0	67.07819366455078
939.0	63.89878463745117
940.0	70.4154052734375
941.0	70.41777801513672
942.0	66.09715270996094
943.0	64.41199493408203
944.0	65.32745361328125
945.0	63.040565490722656
946.0	70.69571685791016
947.0	57.74898147583008
948.0	65.3504638671875
949.0	60.743255615234375
950.0	62.05385971069336
951.0	64.00422668457031
952.0	74.9911117553711
953.0	66.59478759765625
954.0	72.80069732666016
955.0	62.19554138183594
956.0	64.34476470947266
957.0	59.8681640625
958.0	62.76759719848633
959.0	58.100189208984375
960.0	59.77346420288086
961.0	67.7413558959961
962.0	78.83760833740234
963.0	72.86431121826172
964.0	62.9929313659668
965.0	76.35701751708984
966.0	62.96392822265625
967.0	63.72776412963867
968.0	64.12500762939453
969.0	63.92053985595703
970.0	82.09056854248047
971.0	106.12073516845703
972.0	93.8340835571289
973.0	60.81278610229492
974.0	72.47606658935547
975.0	67.24210357666016
976.0	63.485713958740234
977.0	61.846317291259766
978.0	63.54054641723633
979.0	58.57780075073242
980.0	75.61134338378906
981.0	61.80532455444336
982.0	67.48529052734375
983.0	77.938720703125
984.0	74.683349609375
985.0	70.85446166992188
986.0	64.18887329101563
987.0	66.43521118164063
988.0	68.89522552490234
989.0	63.443115234375
990.0	81.0948257446289
991.0	83.21781158447266
992.0	70.53015899658203
993.0	70.83832550048828
994.0	59.998233795166016
995.0	69.9879150390625
996.0	69.07244873046875
997.0	72.44924926757813
998.0	59.63154602050781
999.0	89.85955810546875
