0.0	50.845733642578125
0.1	43.22953796386719
0.2	46.037620544433594
0.3	40.05634307861328
0.4	55.494632720947266
0.5	51.291099548339844
0.6	35.780269622802734
0.7	54.0583610534668
0.8	61.156707763671875
0.9	66.58567810058594
1.0	43.513031005859375
1.1	58.919158935546875
1.2	52.558658599853516
1.3	38.284427642822266
1.4	64.47947692871094
1.5	65.36949920654297
1.6	64.72354888916016
1.7	64.7536849975586
1.8	53.24589920043945
1.9	52.667030334472656
2.0	57.10485076904297
2.1	53.69126510620117
2.2	65.34481811523438
2.3	46.56584548950195
2.4	53.38055419921875
2.5	41.5438346862793
2.6	44.05517578125
2.7	52.421356201171875
2.8	60.62464904785156
2.9	58.612606048583984
3.0	49.4140510559082
3.1	52.389869689941406
3.2	53.19923400878906
3.3	38.59882736206055
3.4	48.986297607421875
3.5	43.087074279785156
3.6	45.668949127197266
3.7	43.4465446472168
3.8	40.19414138793945
3.9	46.08985137939453
4.0	43.484554290771484
4.1	59.53810501098633
4.2	45.91425323486328
4.3	71.27560424804688
4.4	54.76016616821289
4.5	56.851951599121094
4.6	44.77543258666992
4.7	61.5385627746582
4.8	41.71078872680664
4.9	54.714012145996094
5.0	54.71106719970703
5.1	51.0567626953125
5.2	40.29127502441406
5.3	58.362640380859375
5.4	47.981136322021484
5.5	47.78664016723633
5.6	43.33104705810547
5.7	67.1120376586914
5.8	51.60039520263672
5.9	42.740726470947266
6.0	44.875728607177734
6.1	77.6972885131836
6.2	103.26554870605469
6.3	85.05648803710938
6.4	96.44041442871094
6.5	93.08695983886719
6.6	98.8033218383789
6.7	67.32218933105469
6.8	83.26740264892578
6.9	90.79705810546875
7.0	83.54893493652344
7.1	102.8071517944336
7.2	76.60630798339844
7.3	84.94992065429688
7.4	83.84696960449219
7.5	74.45909118652344
7.6	106.4963150024414
7.7	90.71338653564453
7.8	99.02374267578125
7.9	128.06866455078125
8.0	114.13288116455078
8.1	132.47586059570313
8.2	111.10055541992188
8.3	107.92875671386719
8.4	136.2496337890625
8.5	127.24444580078125
8.6	119.44055938720703
8.7	129.6290283203125
8.8	83.10673522949219
8.9	129.6990203857422
9.0	110.361572265625
9.1	132.96522521972656
9.2	97.32937622070313
9.3	128.27947998046875
9.4	96.4222640991211
9.5	126.83209228515625
9.6	127.86382293701172
9.7	133.55404663085938
9.8	102.15859985351563
9.9	111.90706634521484
10.0	100.80802154541016
10.1	125.23563385009766
10.2	142.01950073242188
10.3	72.75825500488281
10.4	95.55973815917969
10.5	77.640380859375
10.6	93.96951293945313
10.7	96.65625
10.8	111.44159698486328
10.9	133.93418884277344
11.0	116.45298767089844
11.1	122.02796936035156
11.2	135.8807373046875
11.3	137.8333282470703
11.4	128.94827270507813
11.5	100.90275573730469
11.6	47.07649230957031
11.7	45.6739501953125
11.8	47.131591796875
11.9	55.79685592651367
12.0	56.744754791259766
12.1	39.57436752319336
12.2	45.988548278808594
12.3	49.936973571777344
12.4	52.45691680908203
12.5	62.34065246582031
12.6	42.518531799316406
12.7	54.754085540771484
12.8	38.716548919677734
12.9	44.90507507324219
13.0	46.12712478637695
13.1	61.31106948852539
13.2	47.038055419921875
13.3	54.79591751098633
13.4	53.11240768432617
13.5	59.89814376831055
13.6	46.02370834350586
13.7	51.065391540527344
13.8	51.18014907836914
13.9	55.491214752197266
14.0	72.14109802246094
14.1	39.3477897644043
14.2	53.42233657836914
14.3	50.397727966308594
14.4	46.627532958984375
14.5	48.51567840576172
14.6	47.28488540649414
14.7	54.7866325378418
14.8	49.16562271118164
14.9	52.620567321777344
15.0	66.34461975097656
15.1	51.38731002807617
15.2	40.7285270690918
15.3	53.097984313964844
15.4	46.190895080566406
15.5	50.094642639160156
15.6	45.934242248535156
15.7	45.64130783081055
15.8	56.55301284790039
15.9	58.15032958984375
16.0	51.840274810791016
16.1	94.72341918945313
16.2	73.4131851196289
16.3	78.05286407470703
16.4	110.64386749267578
16.5	120.91090393066406
16.6	84.86306762695313
16.7	110.67475891113281
16.8	84.7759017944336
16.9	67.93287658691406
17.0	48.47297286987305
17.1	67.35896301269531
17.2	60.38093566894531
17.3	56.394283294677734
17.4	53.4143180847168
17.5	58.965362548828125
17.6	49.15278625488281
17.7	51.55054473876953
17.8	48.50920104980469
17.9	92.85531616210938
18.0	70.04204559326172
18.1	55.14870071411133
18.2	40.30575180053711
18.3	48.88175964355469
18.4	51.510250091552734
18.5	53.660316467285156
18.6	51.6477165222168
18.7	76.5870132446289
18.8	53.34535217285156
18.9	47.19741439819336
19.0	70.65623474121094
19.1	43.5623893737793
19.2	62.0868034362793
19.3	50.104305267333984
19.4	68.30982208251953
19.5	64.25695037841797
19.6	62.32199478149414
19.7	108.0897445678711
19.8	80.1160888671875
19.9	82.40977478027344
20.0	110.84738159179688
20.1	87.99215698242188
20.2	111.69739532470703
20.3	61.38774490356445
20.4	113.85031127929688
20.5	75.00706481933594
20.6	113.21853637695313
20.7	62.13627243041992
20.8	54.68749237060547
20.9	47.33222579956055
21.0	37.14275360107422
21.1	69.13314819335938
21.2	65.14885711669922
21.3	72.77969360351563
21.4	76.89886474609375
21.5	83.70529174804688
21.6	88.50923156738281
21.7	93.28619384765625
21.8	93.59553527832031
21.9	105.4542465209961
22.0	115.77030944824219
22.1	115.54275512695313
22.2	120.8851318359375
22.3	117.23944854736328
22.4	105.2756576538086
22.5	117.49915313720703
22.6	109.45993041992188
22.7	118.96636199951172
22.8	100.39653015136719
22.9	110.47695922851563
23.0	115.30606079101563
23.1	135.44638061523438
23.2	102.2606201171875
23.3	118.57946014404297
23.4	129.52113342285156
23.5	113.90857696533203
23.6	143.3158721923828
23.7	138.6638946533203
23.8	102.25739288330078
23.9	128.48631286621094
24.0	111.79762268066406
24.1	111.16802215576172
24.2	125.54957580566406
24.3	118.76819610595703
24.4	118.66461944580078
24.5	121.6440200805664
24.6	101.94990539550781
24.7	117.00279235839844
24.8	119.34282684326172
24.9	124.6611328125
25.0	110.2674789428711
25.1	117.45318603515625
25.2	121.88243103027344
25.3	109.98908996582031
25.4	95.0058364868164
25.5	125.58690643310547
25.6	130.7020263671875
25.7	113.08804321289063
25.8	94.16609191894531
25.9	122.64278411865234
26.0	116.13069915771484
26.1	110.80721282958984
26.2	54.96156692504883
26.3	57.38908767700195
26.4	53.596351623535156
26.5	64.37981414794922
26.6	47.28266906738281
26.7	55.64678955078125
26.8	62.20441818237305
26.9	54.99456024169922
27.0	47.93893051147461
27.1	43.72707748413086
27.2	45.213809967041016
27.3	55.83722686767578
27.4	47.52860641479492
27.5	45.345577239990234
27.6	45.84214401245117
27.7	44.43370056152344
27.8	36.06588363647461
27.9	44.74172592163086
28.0	46.3177490234375
28.1	56.33647155761719
28.2	45.24567413330078
28.3	45.649906158447266
28.4	45.58550262451172
28.5	43.186912536621094
28.6	45.119693756103516
28.7	45.17564392089844
28.8	45.28201675415039
28.9	49.101234436035156
29.0	48.272701263427734
29.1	52.239376068115234
29.2	50.010616302490234
29.3	44.08560562133789
29.4	41.27843475341797
29.5	50.460472106933594
29.6	61.67548370361328
29.7	58.26266860961914
29.8	48.463680267333984
29.9	46.66312026977539
30.0	55.27192306518555
30.1	38.36292266845703
30.2	40.94636535644531
30.3	44.18638229370117
30.4	51.61972427368164
30.5	40.19942855834961
30.6	52.5174446105957
30.7	53.42393112182617
30.8	45.02766799926758
30.9	55.7229118347168
31.0	49.80568313598633
31.1	58.22257614135742
31.2	64.67008972167969
31.3	48.38523864746094
31.4	56.729122161865234
31.5	44.278480529785156
31.6	51.750614166259766
31.7	56.38062286376953
31.8	43.12752151489258
31.9	39.46754455566406
32.0	42.47735595703125
32.1	46.617069244384766
32.2	61.90172576904297
32.3	54.56450653076172
32.4	62.62483596801758
32.5	51.971839904785156
32.6	51.56203842163086
32.7	59.41136932373047
32.8	57.93119812011719
32.9	52.37785720825195
33.0	50.779598236083984
33.1	54.109310150146484
33.2	55.08019256591797
33.3	54.726802825927734
33.4	62.54828643798828
33.5	59.203819274902344
33.6	78.60865783691406
33.7	59.462364196777344
33.8	51.30495834350586
33.9	78.9281234741211
34.0	58.308101654052734
34.1	45.148765563964844
34.2	55.867156982421875
34.3	41.8747673034668
34.4	46.88825225830078
34.5	42.036094665527344
34.6	49.508392333984375
34.7	43.378326416015625
34.8	34.064300537109375
34.9	47.11727523803711
35.0	48.712364196777344
35.1	47.88967514038086
35.2	42.52404022216797
35.3	49.62984085083008
35.4	49.945281982421875
35.5	41.184165954589844
35.6	33.79344177246094
35.7	50.74630355834961
35.8	68.972900390625
35.9	48.95466232299805
36.0	48.18595504760742
36.1	44.83536148071289
36.2	61.05592346191406
36.3	48.70179748535156
36.4	38.05411148071289
36.5	48.70283889770508
36.6	53.55537414550781
36.7	38.17445373535156
36.8	38.67197799682617
36.9	42.75497055053711
37.0	54.68049621582031
37.1	49.513771057128906
37.2	35.66884994506836
37.3	91.36809539794922
37.4	106.54910278320313
37.5	59.90618133544922
37.6	51.814414978027344
37.7	53.668922424316406
37.8	62.90025329589844
37.9	53.18347930908203
38.0	43.44874954223633
38.1	56.04529571533203
38.2	66.40338897705078
38.3	54.82546615600586
38.4	56.21129608154297
38.5	50.673683166503906
38.6	52.23650360107422
38.7	54.370845794677734
38.8	56.886940002441406
38.9	56.86745834350586
39.0	56.056209564208984
39.1	63.365962982177734
39.2	59.067535400390625
39.3	46.5435905456543
39.4	56.05567169189453
39.5	43.884544372558594
39.6	117.22605895996094
39.7	105.37518310546875
39.8	62.074161529541016
39.9	47.91895294189453
40.0	54.164363861083984
40.1	42.262901306152344
40.2	45.20463943481445
40.3	88.50572204589844
40.4	67.51913452148438
40.5	58.37419128417969
40.6	50.97207260131836
40.7	50.98137664794922
40.8	47.9066162109375
40.9	47.89423370361328
41.0	38.44395065307617
41.1	49.34082794189453
41.2	56.1751823425293
41.3	68.12970733642578
41.4	53.09767150878906
41.5	52.48297882080078
41.6	46.116024017333984
41.7	63.646060943603516
41.8	49.18907928466797
41.9	55.70640182495117
42.0	46.29827117919922
42.1	53.39212417602539
42.2	44.26740646362305
42.3	55.30538558959961
42.4	58.25214385986328
42.5	55.97819519042969
42.6	60.49187088012695
42.7	48.03621292114258
42.8	44.017635345458984
42.9	45.175148010253906
43.0	52.334983825683594
43.1	81.89519500732422
43.2	73.33362579345703
43.3	73.83888244628906
43.4	69.96212768554688
43.5	56.41606903076172
43.6	45.530120849609375
43.7	49.30046844482422
43.8	46.283077239990234
43.9	62.22175979614258
44.0	57.71963882446289
44.1	48.2269401550293
44.2	45.66598129272461
44.3	42.58738708496094
44.4	66.78015899658203
44.5	48.47999954223633
44.6	45.320255279541016
44.7	60.367759704589844
44.8	49.233394622802734
44.9	58.590946197509766
45.0	46.580482482910156
45.1	49.341896057128906
45.2	45.6895637512207
45.3	49.71735382080078
45.4	42.735294342041016
45.5	50.51143264770508
45.6	40.99580764770508
45.7	54.37703323364258
45.8	70.77240753173828
45.9	70.38385009765625
46.0	83.03910827636719
46.1	46.74998092651367
46.2	61.520729064941406
46.3	50.882835388183594
46.4	71.22161865234375
46.5	87.89305877685547
46.6	41.62417221069336
46.7	42.463340759277344
46.8	57.860633850097656
46.9	53.436790466308594
47.0	50.981590270996094
47.1	42.84911346435547
47.2	49.9105224609375
47.3	50.23823165893555
47.4	52.418731689453125
47.5	56.888343811035156
47.6	61.015323638916016
47.7	52.20326232910156
47.8	51.269805908203125
47.9	44.34732437133789
48.0	57.518157958984375
48.1	70.51264190673828
48.2	40.70763397216797
48.3	55.197261810302734
48.4	42.635658264160156
48.5	87.64924621582031
48.6	51.61132049560547
48.7	38.370147705078125
48.8	44.78306198120117
48.9	42.16405487060547
49.0	59.517005920410156
49.1	54.2265625
49.2	43.43775177001953
49.3	54.25994110107422
49.4	54.2740478515625
49.5	57.94664764404297
49.6	57.65712356567383
49.7	57.984249114990234
49.8	55.490074157714844
49.9	43.163673400878906
50.0	50.98250961303711
50.1	44.23831558227539
50.2	59.9786376953125
50.3	106.63270568847656
50.4	99.98717498779297
