0	64.249626
0.1	57.370834
0.2	58.801113
0.3	49.784821
0.4	64.083565
0.5	59.986572
0.6	58.698933
0.7	53.510323
0.8	55.331196
0.9	61.59914
1	68.730339
1.1	62.555798
1.2	73.46418
1.3	62.869694
1.4	80.131439
1.5	76.512016
1.6	65.106834
1.7	77.400024
1.8	82.244858
1.9	68.458206
2	73.542397
2.1	77.933243
2.2	59.905869
2.3	62.969334
2.4	66.607613
2.5	75.573082
2.6	64.860802
2.7	73.535202
2.8	88.007233
2.9	87.708221
3	80.893692
3.1	60.87241
3.2	72.378075
3.3	60.791061
3.4	69.595963
3.5	80.754631
3.6	69.980484
3.7	62.553982
3.8	80.190338
3.9	73.265091
4	68.663574
4.1	67.183777
4.2	71.938324
4.3	71.730492
4.4	73.180031
4.5	70.112198
4.6	72.584518
4.7	77.206398
4.8	77.214691
4.9	75.086296
5	71.30513
5.1	68.104332
5.2	60.621651
5.3	74.17466
5.4	59.084988
5.5	78.702888
5.6	72.111069
5.7	74.004211
5.8	82.270699
5.9	65.013687
6	70.654701
6.1	70.706825
6.2	77.297653
6.3	75.290459
6.4	73.152763
6.5	79.608803
6.6	75.332191
6.7	74.908943
6.8	77.823593
6.9	69.642731
7	74.238663
7.1	65.251022
7.2	68.904404
7.3	78.84623
7.4	77.159805
7.5	74.32518
7.6	66.651772
7.7	76.886009
7.8	79.721298
7.9	69.359123
8	73.698227
8.1	80.841515
8.2	82.787498
8.3	71.509422
8.4	75.926643
8.5	74.516838
8.6	70.075722
8.7	76.267578
8.8	79.216179
8.9	65.950432
9	74.020172
9.1	73.237419
9.2	82.321075
9.3	70.072281
9.4	67.841309
9.5	73.251251
9.6	71.822441
9.7	61.566601
9.8	62.452797
9.9	66.519531
10	85.188408
10.1	64.968323
10.2	71.033142
10.3	75.962532
10.4	72.556358
10.5	71.108513
10.6	83.524551
10.7	79.2612
10.8	79.272041
10.9	66.321655
11	68.799629
11.1	81.845329
11.2	64.485619
11.3	69.679123
11.4	84.72509
11.5	64.907951
11.6	73.718826
11.7	92.202927
11.8	79.661362
11.9	71.170036
12	73.038109
12.1	73.682587
12.2	78.155121
12.3	82.656342
12.4	79.929291
12.5	76.393852
12.6	78.940208
12.7	79.579727
12.8	76.693466
12.9	88.428642
13	69.855431
13.1	84.964844
13.2	71.758194
13.3	68.047012
13.4	66.242928
13.5	68.449562
13.6	72.703209
13.7	59.970627
13.8	62.16552
13.9	64.102592
14	73.422234
14.1	73.927094
14.2	76.892563
14.3	75.154144
14.4	83.108063
14.5	68.257774
14.6	73.890167
14.7	76.760071
14.8	70.96209
14.9	75.10743
15	64.93277
15.1	67.185524
15.2	79.23468
15.3	70.503014
15.4	69.760841
15.5	66.128082
15.6	70.387794
15.7	70.17421
15.8	67.25811
15.9	70.246498
16	67.984421
16.1	75.790375
16.2	66.068649
16.3	71.573372
16.4	75.66272
16.5	77.481339
16.6	76.609612
16.7	77.635963
16.8	65.755615
16.9	63.958187
17	63.01284
17.1	74.187271
17.2	63.056118
17.3	62.8046
17.4	67.320267
17.5	76.426254
17.6	67.804138
17.7	66.175735
17.8	73.663803
17.9	66.237282
18	62.534439
18.1	72.856445
18.2	61.070259
18.3	60.7603
18.4	75.940163
18.5	57.161144
18.6	65.570358
18.7	63.486622
18.8	69.488731
18.9	64.668266
19	75.509407
19.1	71.544456
19.2	66.209663
19.3	73.023026
19.4	67.525047
19.5	77.649658
19.6	68.931564
19.7	77.993881
19.8	72.325378
19.9	63.29818
20	106.00476
20.1	90.34127
20.2	84.752602
20.3	83.989471
20.4	83.109573
20.5	85.978394
20.6	83.760345
20.7	91.912712
20.8	79.839241
20.9	78.364906
21	86.476662
21.1	83.877197
21.2	85.216827
21.3	79.668617
21.4	79.884163
21.5	94.499573
21.6	85.863647
21.7	84.297447
21.8	95.17688
21.9	106.99473
22	87.736847
22.1	94.484711
22.2	102.48804
22.3	90.955605
22.4	82.008705
22.5	91.934944
22.6	87.22477
22.7	94.222519
22.8	83.091072
22.9	89.060905
23	83.033043
23.1	81.185318
23.2	89.725479
23.3	94.965179
23.4	83.11232
23.5	81.195915
23.6	95.416809
23.7	82.502892
23.8	85.272629
23.9	91.146194
24	83.83445
24.1	91.050385
24.2	94.54332
24.3	87.500671
24.4	90.933151
24.5	92.906723
24.6	90.04335
24.7	85.558968
24.8	92.801949
24.9	93.992325
25	90.628487
25.1	93.59214
25.2	88.045189
25.3	83.115738
25.4	77.409485
25.5	86.697113
25.6	91.284431
25.7	88.933128
25.8	85.382774
25.9	86.928192
26	88.006805
26.1	82.388237
26.2	93.285919
26.3	81.241257
26.4	88.617897
26.5	87.094711
26.6	85.954979
26.7	82.335312
26.8	93.341324
26.9	86.310066
27	96.086624
27.1	89.290161
27.2	97.323845
27.3	99.798828
27.4	87.601181
27.5	88.656509
27.6	103.46301
27.7	93.763458
27.8	100.43063
27.9	99.694893
28	80.704079
28.1	79.821587
28.2	93.919876
28.3	98.185226
28.4	95.706779
28.5	96.593987
28.6	96.206017
28.7	86.172791
28.8	99.058144
28.9	95.010727
29	95.730072
29.1	81.64048
29.2	88.207169
29.3	94.578751
29.4	91.25544
29.5	99.588089
29.6	93.352638
29.7	93.094902
29.8	87.605865
29.9	104.30077
30	89.260994
30.1	81.571945
30.2	99.194786
30.3	90.618286
30.4	90.078636
30.5	85.130501
30.6	98.811455
30.7	98.229729
30.8	95.033653
30.9	95.109352
31	92.067932
31.1	88.930321
31.2	97.632408
31.3	87.311211
31.4	99.132027
31.5	92.631638
31.6	88.989639
31.7	87.94136
31.8	104.68694
31.9	94.923691
32	93.04245
32.1	89.960136
32.2	97.699036
32.3	100.63486
32.4	80.408287
32.5	80.393814
32.6	87.038261
32.7	87.651649
32.8	89.982239
32.9	90.685417
33	82.664452
33.1	89.699821
33.2	88.289146
33.3	94.371559
33.4	86.852036
33.5	95.640831
33.6	93.654724
33.7	87.363785
33.8	100.14668
33.9	90.800308
34	88.261375
34.1	92.381386
34.2	87.826866
34.3	90.394875
34.4	86.321167
34.5	80.111183
34.6	90.827225
34.7	89.992722
34.8	92.595604
34.9	90.563034
35	85.733704
35.1	83.025246
35.2	89.596497
35.3	87.919632
35.4	94.601677
35.5	101.27729
35.6	94.930641
35.7	84.98008
35.8	89.309792
35.9	100.80467
36	81.429047
36.1	84.906654
36.2	86.303185
36.3	80.112152
36.4	84.959465
36.5	89.608894
36.6	94.249916
36.7	77.555473
36.8	99.713188
36.9	91.35849
37	85.966766
37.1	92.322807
37.2	83.074684
37.3	82.227791
37.4	95.676132
37.5	85.962585
37.6	91.761017
37.7	82.476791
37.8	96.952736
37.9	90.206787
38	99.519615
38.1	102.75827
38.2	88.980141
38.3	84.354385
38.4	89.139061
38.5	88.947891
38.6	78.113892
38.7	85.649559
38.8	82.941719
38.9	90.182953
39	83.29557
39.1	88.152916
39.2	86.247162
39.3	85.596985
39.4	82.934715
39.5	77.626053
39.6	92.674156
39.7	86.382057
39.8	89.93763
39.9	83.192451
40	92.556389
40.1	87.358337
40.2	80.348267
40.3	87.015785
40.4	89.2883
40.5	99.178116
40.6	91.779663
40.7	92.24836
40.8	82.407646
40.9	82.3815
41	85.520103
41.1	88.057114
41.2	86.477692
41.3	84.065048
41.4	87.255264
41.5	83.441772
41.6	96.866394
41.7	90.53038
41.8	86.106834
41.9	90.562859
42	90.149437
42.1	82.973022
42.2	86.158714
42.3	83.199318
42.4	83.586807
42.5	78.815773
42.6	92.915695
42.7	82.896446
42.8	92.177124
42.9	82.738579
43	87.540283
43.1	84.858665
43.2	82.986526
43.3	91.153603
43.4	81.51506
43.5	86.126175
43.6	82.938492
43.7	87.96228
43.8	84.260429
43.9	96.85688
44	93.672333
44.1	91.435204
44.2	81.681396
44.3	94.833183
44.4	90.684151
44.5	89.144402
44.6	98.274902
44.7	89.159035
44.8	98.817635
44.9	94.793312
45	87.759094
45.1	99.77459
45.2	81.706306
45.3	96.651352
45.4	97.445129
45.5	96.234146
45.6	87.517479
45.7	90.411446
45.8	84.719742
45.9	84.901733
46	80.326668
46.1	83.270744
46.2	88.606216
46.3	89.238205
46.4	91.679192
46.5	97.080658
46.6	96.569107
46.7	94.146919
46.8	92.328476
46.9	82.339577
47	99.543755
47.1	90.5896
47.2	83.30336
47.3	86.367401
47.4	93.758163
47.5	91.286034
47.6	91.077957
47.7	99.630211
47.8	94.437798
47.9	87.683182
48	94.41732
48.1	87.311134
48.2	88.266571
48.3	94.32029
48.4	92.6353
48.5	98.629082
48.6	86.285492
48.7	88.038544
48.8	80.900642
48.9	95.874786
49	96.28067
49.1	90.728981
49.2	86.632721
49.3	79.34317
49.4	86.43663
49.5	81.449425
49.6	83.970619
49.7	82.991699
49.8	88.113365
49.9	90.158844
50	81.045151
50.1	84.974831
50.2	88.783371
50.3	79.511658
50.4	91.282181
50.5	91.375206
50.6	86.629074
50.7	82.829758
50.8	90.143997
50.9	86.620239
51	84.630852
51.1	97.509766
51.2	96.585052
51.3	94.839157
51.4	89.969376
51.5	92.300797
51.6	96.379341
51.7	91.645149
51.8	96.539497
51.9	90.805756
52	86.038895
52.1	89.78125
52.2	89.36853
52.3	87.807533
52.4	84.450157
52.5	96.335175
52.6	97.148674
52.7	89.922409
52.8	89.478294
52.9	83.475937
53	91.652626
53.1	82.654457
53.2	84.178123
53.3	85.483086
53.4	79.268814
53.5	89.073845
53.6	88.429405
53.7	78.533401
53.8	82.941284
53.9	82.158379
54	88.585442
54.1	87.470222
54.2	90.902222
54.3	89.757912
54.4	88.425217
54.5	86.669342
54.6	92.298111
54.7	85.87162
54.8	97.199547
54.9	97.137512
55	96.606033
55.1	88.486603
55.2	90.860443
55.3	89.552216
55.4	93.444389
55.5	88.39463
55.6	94.770813
55.7	89.869164
55.8	87.773552
55.9	87.525925
56	92.389977
56.1	84.998268
56.2	89.918808
56.3	90.001945
56.4	96.066704
56.5	94.635544
56.6	91.223022
56.7	95.328377
56.8	100.47965
56.9	99.181412
57	100.12685
57.1	92.619415
57.2	103.5658
57.3	93.625107
57.4	80.812416
57.5	97.93309
57.6	83.857376
57.7	98.383362
57.8	92.075623
57.9	82.730499
58	94.097694
58.1	97.4244
58.2	87.579185
58.3	91.713219
58.4	87.684715
58.5	91.990479
58.6	93.664871
58.7	115.61176
58.8	91.699753
58.9	87.13517
59	93.047867
59.1	85.028221
59.2	84.000916
59.3	87.278206
59.4	90.785507
59.5	87.254692
59.6	82.159515
59.7	86.987526
59.8	83.194443
59.9	95.95356
60	99.509232
60.1	85.990242
60.2	83.241554
60.3	80.444664
60.4	84.25795
60.5	85.582413
60.6	101.52229
60.7	90.092461
60.8	102.10091
60.9	89.330017
61	88.01049
61.1	91.688072
61.2	90.695885
61.3	90.868546
61.4	92.270752
61.5	92.746185
61.6	85.94017
61.7	85.966171
61.8	93.089241
61.9	96.40731
62	82.477158
62.1	93.59613
62.2	91.204872
62.3	81.437897
62.4	91.948135
62.5	84.590187
62.6	95.307404
62.7	94.653389
62.8	90.830124
62.9	95.336143
63	98.578262
63.1	84.787849
63.2	100.52055
63.3	89.887474
63.4	92.38102
63.5	88.530487
63.6	101.30779
63.7	98.584213
63.8	89.452652
63.9	82.048332
64	83.283028
64.1	81.294617
64.2	99.658279
64.3	88.439766
64.4	84.000595
64.5	86.292984
64.6	78.658012
64.7	93.304291
64.8	91.483849
64.9	90.536781
65	85.726929
65.1	106.21088
65.2	96.102684
65.3	110.58852
65.4	92.619179
65.5	89.524246
65.6	89.531334
65.7	92.328545
65.8	93.158928
65.9	82.036728
66	85.29673
66.1	88.358017
66.2	82.033089
66.3	83.728279
66.4	82.771973
66.5	83.147217
66.6	92.668793
66.7	94.26722
66.8	87.622856
66.9	103.0625
67	108.61058
67.1	101.24339
67.2	102.20326
67.3	102.31306
67.4	97.75071
67.5	101.44214
67.6	92.104187
67.7	87.168968
67.8	87.505737
67.9	89.196213
68	94.845543
68.1	102.86845
68.2	99.121925
68.3	100.22897
68.4	98.115311
68.5	97.159515
68.6	109.90227
68.7	88.033203
68.8	106.74551
68.9	101.62909
69	86.59745
69.1	90.030975
69.2	89.359558
69.3	81.009354
69.4	91.826569
69.5	87.30275
69.6	110.14478
69.7	99.225121
69.8	97.921761
69.9	85.265007
70	87.262123
70.1	88.408966
70.2	90.577644
70.3	96.974037
70.4	90.897278
70.5	93.026108
70.6	88.461845
70.7	99.162994
70.8	91.287743
70.9	99.324104
71	111.57409
71.1	81.551666
71.2	94.185585
71.3	81.506882
71.4	97.88266
71.5	98.826988
71.6	94.069748
71.7	98.205978
71.8	104.60592
71.9	105.89819
72	98.403633
72.1	106.0148
72.2	93.801826
72.3	107.29853
72.4	104.58477
72.5	103.67778
72.6	102.93703
72.7	103.90887
72.8	104.07217
72.9	92.917305
73	93.680206
73.1	87.674606
73.2	95.487312
73.3	98.866974
73.4	99.125336
73.5	95.559219
73.6	98.174431
73.7	95.59063
73.8	77.256737
73.9	94.939629
74	87.642899
74.1	91.688095
74.2	90.118141
74.3	80.650154
74.4	101.64847
74.5	81.193298
74.6	85.707336
74.7	80.119461
74.8	100.22092
74.9	97.547417
75	100.39438
75.1	79.092804
75.2	84.824409
75.3	81.144905
75.4	94.585251
75.5	110.48379
75.6	95.683189
75.7	90.843674
75.8	101.29545
75.9	97.771667
76	87.62632
76.1	97.503761
76.2	80.679207
76.3	92.175003
76.4	101.17663
76.5	86.619797
76.6	83.510788
76.7	108.14894
76.8	86.946526
76.9	87.859161
77	96.947166
77.1	83.216125
77.2	94.118103
77.3	96.368408
77.4	103.69413
77.5	81.493813
77.6	81.146843
77.7	85.304993
77.8	94.584259
77.9	79.189659
78	88.884193
78.1	87.693672
78.2	99.425545
78.3	83.457504
78.4	80.085426
78.5	83.123283
78.6	89.258667
78.7	104.16425
78.8	90.754028
78.9	91.816246
79	95.673569
79.1	85.557831
79.2	108.24824
79.3	95.49572
79.4	89.692482
79.5	84.57238
79.6	87.002113
79.7	100.00728
79.8	102.66787
79.9	98.013969
80	76.088394
80.1	104.57627
80.2	89.680466
80.3	92.508377
80.4	100.17641
80.5	82.997971
80.6	98.386604
80.7	87.97039
80.8	83.586426
80.9	86.047302
81	96.928001
81.1	100.95829
81.2	102.94173
81.3	100.61308
81.4	91.602936
81.5	113.499
81.6	103.00994
81.7	95.38578
81.8	97.712822
81.9	93.479904
82	92.273285
82.1	90.623428
82.2	103.15336
82.3	97.77346
82.4	98.022224
82.5	82.733925
82.6	87.479706
82.7	95.979996
82.8	97.585205
82.9	96.78894
83	85.63842
83.1	100.72833
83.2	95.492188
83.3	84.309761
83.4	97.146469
83.5	101.84849
83.6	90.382256
83.7	92.663193
83.8	96.604355
83.9	101.02142
84	90.969711
84.1	89.550392
84.2	93.901688
84.3	103.12505
84.4	93.844566
84.5	102.75356
84.6	98.868782
84.7	96.532883
84.8	86.202446
84.9	91.310173
85	84.970009
85.1	84.45562
85.2	85.459389
85.3	91.998787
85.4	90.781372
85.5	88.68782
85.6	92.500816
85.7	79.527458
85.8	91.13195
85.9	109.06696
86	99.299576
86.1	101.85415
86.2	83.114403
86.3	83.559227
86.4	89.301346
86.5	98.243118
86.6	80.224403
86.7	83.440308
86.8	97.233986
86.9	97.951714
87	99.2994
87.1	93.750175
87.2	78.991341
87.3	91.479546
87.4	79.868446
87.5	89.334564
87.6	86.672958
87.7	84.722389
87.8	91.566078
87.9	94.278809
88	104.36126
88.1	90.553566
88.2	104.6201
88.3	100.32581
88.4	103.55145
88.5	96.440094
88.6	91.84082
88.7	92.767509
88.8	83.931778
88.9	98.084129
89	82.09906
89.1	89.097397
89.2	81.681488
89.3	84.718262
89.4	86.131981
89.5	82.587326
89.6	84.012817
89.7	82.049904
89.8	93.998314
89.9	87.586578
90	93.771889
90.1	91.72261
90.2	85.074257
90.3	101.40322
90.4	83.515518
90.5	101.58893
90.6	90.772339
90.7	91.709358
90.8	88.833054
90.9	82.759644
91	86.443665
91.1	79.099953
91.2	82.541504
91.3	95.772217
91.4	91.701431
91.5	85.202507
91.6	97.240074
91.7	94.921524
91.8	90.79216
91.9	99.302338
92	78.164108
92.1	81.469368
92.2	90.590324
92.3	82.31752
92.4	84.360062
92.5	80.022575
92.6	88.682922
92.7	84.308311
92.8	90.617088
92.9	82.883354
93	84.578888
93.1	80.347832
93.2	95.585083
93.3	102.6001
93.4	93.07753
93.5	84.026642
93.6	97.232422
93.7	95.678596
93.8	86.672302
93.9	96.000847
94	84.159233
94.1	97.431183
94.2	102.40869
94.3	98.288696
94.4	97.340767
94.5	83.60379
94.6	89.278709
94.7	86.380844
94.8	89.130432
94.9	82.05661
95	89.219215
95.1	83.277039
95.2	80.435867
95.3	88.489212
95.4	79.895966
95.5	80.820786
95.6	88.240471
95.7	84.467773
95.8	87.112068
95.9	87.325356
96	100.48006
96.1	81.745255
96.2	92.674942
96.3	90.64563
96.4	86.884109
96.5	93.324585
96.6	98.615005
96.7	78.30645
96.8	87.273117
96.9	79.368187
97	103.47522
97.1	84.968674
97.2	92.230049
97.3	85.556694
97.4	81.447449
97.5	82.431061
97.6	79.197891
97.7	90.449097
97.8	82.983185
97.9	77.111732
98	98.478989
98.1	93.264969
98.2	87.723396
98.3	90.939384
98.4	88.001305
98.5	81.145752
98.6	101.40777
98.7	90.135986
98.8	76.97226
98.9	90.189705
99	83.920456
99.1	96.38575
99.2	102.72499
99.3	88.510574
99.4	81.730873
99.5	94.088509
99.6	87.926666
99.7	88.605232
99.8	84.228111
99.9	80.337616
