0.0	82.63516235351563
0.1	68.55160522460938
0.2	64.64313507080078
0.3	76.97630310058594
0.4	63.73346710205078
0.5	76.18457794189453
0.6	65.55213165283203
0.7	61.32101058959961
0.8	56.50667953491211
0.9	67.55462646484375
1.0	69.9255599975586
1.1	68.44172668457031
1.2	62.51078796386719
1.3	66.55014038085938
1.4	78.13045501708984
1.5	66.68074035644531
1.6	67.91259765625
1.7	72.82417297363281
1.8	69.75057220458984
1.9	65.35032653808594
2.0	65.31216430664063
2.1	68.8040542602539
2.2	62.61994552612305
2.3	67.3453598022461
2.4	57.50237274169922
2.5	67.46601104736328
2.6	69.11874389648438
2.7	93.64118194580078
2.8	70.68330383300781
2.9	58.931785583496094
3.0	57.96897506713867
3.1	65.67119598388672
3.2	63.027435302734375
3.3	67.83240509033203
3.4	66.48772430419922
3.5	62.86296463012695
3.6	74.54066467285156
3.7	65.91495513916016
3.8	63.45499801635742
3.9	72.79973602294922
4.0	76.35528564453125
4.1	73.39291381835938
4.2	63.69683074951172
4.3	88.56964111328125
4.4	61.9321403503418
4.5	78.44831848144531
4.6	64.23907470703125
4.7	80.46016693115234
4.8	61.202430725097656
4.9	75.45183563232422
5.0	63.713558197021484
5.1	64.1303482055664
5.2	67.181396484375
5.3	60.140907287597656
5.4	76.50099182128906
5.5	60.893314361572266
5.6	65.11381530761719
5.7	68.6072998046875
5.8	74.79749298095703
5.9	62.47513198852539
6.0	64.89241027832031
6.1	64.71742248535156
6.2	74.55786895751953
6.3	61.31624984741211
6.4	73.34600830078125
6.5	59.21685028076172
6.6	65.86894226074219
6.7	61.29723358154297
6.8	61.543216705322266
6.9	51.94803237915039
7.0	64.2224349975586
7.1	61.188720703125
7.2	66.13196563720703
7.3	66.12594604492188
7.4	69.05521392822266
7.5	71.27701568603516
7.6	62.54181671142578
7.7	68.14414978027344
7.8	71.23382568359375
7.9	75.36985778808594
8.0	59.55381774902344
8.1	61.49205780029297
8.2	76.13794708251953
8.3	89.77857208251953
8.4	65.57408905029297
8.5	64.08867645263672
8.6	70.04034423828125
8.7	74.91252899169922
8.8	62.66566848754883
8.9	70.11892700195313
9.0	75.61434936523438
9.1	66.73477935791016
9.2	67.11923217773438
9.3	59.17295455932617
9.4	68.31976318359375
9.5	74.73918914794922
9.6	70.7308120727539
9.7	68.92053985595703
9.8	74.86595153808594
9.9	82.7712631225586
10.0	64.10212707519531
10.1	68.39805603027344
10.2	69.10990905761719
10.3	58.90583801269531
10.4	75.33585357666016
10.5	61.531192779541016
10.6	58.714969635009766
10.7	62.982295989990234
10.8	72.59020233154297
10.9	63.7833137512207
11.0	79.13859558105469
11.1	94.21829986572266
11.2	78.05742645263672
11.3	73.02645111083984
11.4	72.65795135498047
11.5	64.44772338867188
11.6	65.11255645751953
11.7	63.073055267333984
11.8	68.92437744140625
11.9	72.53897094726563
12.0	72.01776123046875
12.1	72.0304183959961
12.2	67.02023315429688
12.3	69.7074203491211
12.4	62.53529357910156
12.5	61.976783752441406
12.6	65.13583374023438
12.7	74.75715637207031
12.8	61.235801696777344
12.9	66.16514587402344
13.0	58.99982452392578
13.1	61.357147216796875
13.2	70.55648803710938
13.3	65.82523345947266
13.4	70.49573516845703
13.5	63.809486389160156
13.6	68.6664810180664
13.7	66.06199645996094
13.8	68.02945709228516
13.9	68.84326171875
14.0	57.76469039916992
14.1	91.91419982910156
14.2	104.44879150390625
14.3	89.31046295166016
14.4	86.66850280761719
14.5	89.07716369628906
14.6	89.32746124267578
14.7	102.9510498046875
14.8	98.67922973632813
14.9	86.88558959960938
15.0	87.44454956054688
15.1	102.01078033447266
15.2	114.31892395019531
15.3	98.488525390625
15.4	84.10755920410156
15.5	85.60236358642578
15.6	92.84194946289063
15.7	87.50139617919922
15.8	88.04466247558594
15.9	84.46222686767578
16.0	89.19667053222656
16.1	82.61605072021484
16.2	93.23870849609375
16.3	66.05509948730469
16.4	69.42076110839844
16.5	76.79103088378906
16.6	70.86052703857422
16.7	61.84486389160156
16.8	70.28839111328125
16.9	61.23005676269531
17.0	59.03535842895508
17.1	73.5696029663086
17.2	61.651458740234375
17.3	64.10676574707031
17.4	68.74945831298828
17.5	64.92201232910156
17.6	64.21116638183594
17.7	61.64906311035156
17.8	70.45369720458984
17.9	78.36875915527344
18.0	64.95671081542969
18.1	59.48185729980469
18.2	59.079437255859375
18.3	65.2662124633789
18.4	67.69329071044922
18.5	59.91489791870117
18.6	72.3711929321289
18.7	72.07511138916016
18.8	69.30770111083984
18.9	60.375308990478516
19.0	59.501075744628906
19.1	73.64757537841797
19.2	65.79177856445313
19.3	60.461700439453125
19.4	71.89804077148438
19.5	75.6373062133789
19.6	86.66544342041016
19.7	61.76142501831055
19.8	69.68954467773438
19.9	61.53618621826172
20.0	66.12117767333984
20.1	72.14236450195313
20.2	88.15312957763672
20.3	64.48776245117188
20.4	77.64923858642578
20.5	69.54608917236328
20.6	71.61448669433594
20.7	57.64194107055664
20.8	64.661376953125
20.9	76.66410827636719
21.0	68.67951965332031
21.1	80.00201416015625
21.2	65.38399505615234
21.3	69.40013122558594
21.4	90.15772247314453
21.5	93.83492279052734
21.6	62.46820068359375
21.7	72.56790161132813
21.8	61.43105697631836
21.9	61.58602523803711
22.0	63.9113655090332
22.1	65.75374603271484
22.2	62.67652893066406
22.3	60.39773941040039
22.4	64.70402526855469
22.5	52.94147872924805
22.6	68.15807342529297
22.7	61.26823043823242
22.8	61.22667694091797
22.9	68.31393432617188
23.0	63.29834747314453
23.1	55.67983627319336
23.2	59.617313385009766
23.3	62.409366607666016
23.4	63.17675018310547
23.5	69.28819274902344
23.6	81.18396759033203
23.7	69.91001892089844
23.8	67.6031265258789
23.9	69.01251983642578
24.0	70.47512817382813
24.1	71.73229217529297
24.2	72.95384216308594
24.3	94.94459533691406
24.4	83.30302429199219
24.5	84.07351684570313
24.6	64.31816864013672
24.7	74.79401397705078
24.8	69.29922485351563
24.9	69.07616424560547
25.0	75.31184387207031
25.1	65.94397735595703
25.2	65.22775268554688
25.3	81.52764892578125
25.4	63.22999954223633
25.5	65.36734771728516
25.6	64.03238677978516
25.7	70.7497787475586
25.8	68.5874252319336
25.9	59.95917892456055
26.0	78.87619018554688
26.1	70.84658813476563
26.2	73.38154602050781
26.3	63.48243713378906
26.4	62.940303802490234
26.5	78.01101684570313
26.6	83.16333770751953
26.7	80.8991470336914
26.8	64.30328369140625
26.9	59.149986267089844
27.0	69.55033111572266
27.1	62.67624282836914
27.2	59.35747146606445
27.3	62.619285583496094
27.4	63.78199005126953
27.5	63.8491096496582
27.6	65.08340454101563
27.7	63.480010986328125
27.8	61.839111328125
27.9	56.91648483276367
28.0	65.07288360595703
28.1	61.05669403076172
28.2	63.46549606323242
28.3	61.80470275878906
28.4	60.30056381225586
28.5	67.77626037597656
28.6	63.23302459716797
28.7	53.63399887084961
28.8	67.74246215820313
28.9	58.358680725097656
29.0	66.99647521972656
29.1	61.59914779663086
29.2	54.477935791015625
29.3	59.682125091552734
29.4	64.4295654296875
29.5	58.54633712768555
29.6	60.536041259765625
29.7	66.56214904785156
29.8	62.880035400390625
29.9	64.32865142822266
30.0	60.4559326171875
30.1	58.96392822265625
30.2	59.14543533325195
30.3	59.078643798828125
30.4	69.07657623291016
30.5	70.80677032470703
30.6	58.7243537902832
30.7	58.8869743347168
30.8	62.162986755371094
30.9	65.29185485839844
31.0	66.22270965576172
31.1	72.57530975341797
31.2	79.12626647949219
31.3	69.8780288696289
31.4	65.86542510986328
31.5	72.95309448242188
31.6	66.22433471679688
31.7	65.92516326904297
31.8	54.42374801635742
31.9	71.80686950683594
32.0	78.18054962158203
32.1	75.47200012207031
32.2	83.70783233642578
32.3	76.94322967529297
32.4	71.1620864868164
32.5	63.24938201904297
32.6	70.6268081665039
32.7	72.28750610351563
32.8	62.982357025146484
32.9	69.59622955322266
33.0	62.2512321472168
33.1	57.82704544067383
33.2	59.08791732788086
33.3	64.72102355957031
33.4	71.89262390136719
33.5	51.017215728759766
33.6	68.82112121582031
33.7	70.07508850097656
33.8	72.88783264160156
33.9	76.13772583007813
34.0	69.4608383178711
34.1	68.15742492675781
34.2	81.03189849853516
34.3	64.72809600830078
34.4	67.15119171142578
34.5	61.9260139465332
34.6	72.97198486328125
34.7	66.5844955444336
34.8	67.18292236328125
34.9	76.7508316040039
35.0	62.485862731933594
35.1	69.88119506835938
35.2	66.23651123046875
35.3	73.50242614746094
35.4	62.51319885253906
35.5	82.0134048461914
35.6	69.96099853515625
35.7	66.97834777832031
35.8	64.5805435180664
35.9	73.53523254394531
36.0	68.660400390625
36.1	68.33151245117188
36.2	72.98377227783203
36.3	62.87884521484375
36.4	64.41323852539063
36.5	70.96807098388672
36.6	72.25078582763672
36.7	69.14615631103516
36.8	63.46233367919922
36.9	75.27645111083984
37.0	64.60429382324219
37.1	69.00382995605469
37.2	59.87630081176758
37.3	67.28797912597656
37.4	66.08320617675781
37.5	69.35415649414063
37.6	73.74357604980469
37.7	69.34140014648438
37.8	70.5732192993164
37.9	75.8597640991211
38.0	61.8599853515625
38.1	77.78224182128906
38.2	53.39155960083008
38.3	74.49005126953125
38.4	68.51472473144531
38.5	68.1421127319336
38.6	64.555908203125
38.7	61.149742126464844
38.8	70.90908813476563
38.9	63.70376968383789
39.0	67.27217102050781
39.1	60.330509185791016
39.2	71.19306945800781
39.3	72.17017364501953
39.4	59.52155303955078
39.5	74.47066497802734
39.6	54.32268524169922
39.7	67.18115234375
39.8	57.93546676635742
39.9	61.01108169555664
40.0	55.7842903137207
40.1	71.41017150878906
40.2	68.21761322021484
40.3	72.89695739746094
40.4	65.59587860107422
40.5	62.504695892333984
40.6	69.01432800292969
40.7	77.30389404296875
40.8	62.726478576660156
40.9	67.52696990966797
41.0	70.07486724853516
41.1	67.60564422607422
41.2	66.33533477783203
41.3	73.94292449951172
41.4	69.1020278930664
41.5	66.95223236083984
41.6	68.3942642211914
41.7	65.00839233398438
41.8	79.21990966796875
41.9	61.1295051574707
42.0	64.76238250732422
42.1	63.171485900878906
42.2	61.215152740478516
42.3	67.87179565429688
42.4	78.08518981933594
42.5	85.7561264038086
42.6	81.49451446533203
42.7	90.053955078125
42.8	108.42253875732422
42.9	87.29877471923828
43.0	84.42395782470703
43.1	88.29139709472656
43.2	96.49917602539063
43.3	56.029449462890625
43.4	76.63964080810547
43.5	73.19735717773438
43.6	64.32939147949219
43.7	70.48208618164063
43.8	63.19758224487305
43.9	100.88070678710938
44.0	84.3697738647461
44.1	85.8175048828125
44.2	98.20166015625
44.3	87.08287811279297
44.4	95.04071807861328
44.5	84.45262908935547
44.6	104.57330322265625
44.7	91.33708190917969
44.8	89.25404357910156
44.9	92.10063171386719
45.0	81.95471954345703
45.1	104.54119110107422
45.2	49.28142166137695
45.3	82.76500701904297
45.4	62.22001266479492
45.5	70.27735900878906
45.6	69.0790786743164
45.7	70.34629821777344
45.8	84.15190887451172
45.9	68.13333892822266
46.0	71.79339599609375
46.1	62.5959587097168
46.2	63.450889587402344
46.3	71.20729064941406
46.4	60.59437942504883
46.5	63.77787780761719
46.6	66.49645233154297
46.7	70.06294250488281
46.8	67.3777084350586
46.9	67.28473663330078
47.0	73.8177261352539
47.1	72.55033874511719
47.2	62.13966369628906
47.3	65.59551239013672
47.4	62.857547760009766
47.5	62.94312286376953
47.6	63.631553649902344
47.7	57.14494705200195
47.8	65.42681121826172
47.9	57.45391845703125
48.0	63.40383529663086
48.1	59.06489944458008
48.2	57.716251373291016
48.3	67.3975601196289
48.4	62.63423538208008
48.5	65.81868743896484
48.6	63.18549346923828
48.7	69.57908630371094
48.8	63.597389221191406
48.9	55.187442779541016
49.0	72.16059112548828
49.1	57.10047912597656
49.2	62.77680969238281
49.3	69.29176330566406
49.4	59.71448516845703
49.5	54.722679138183594
49.6	64.40056610107422
49.7	65.09352111816406
49.8	56.95560073852539
49.9	65.66107177734375
50.0	68.84517669677734
50.1	64.95770263671875
50.2	61.286685943603516
50.3	61.1607780456543
50.4	64.44721984863281
50.5	64.98821258544922
50.6	58.75634002685547
50.7	58.225894927978516
50.8	57.59418869018555
50.9	63.10037612915039
51.0	64.18912506103516
51.1	56.832157135009766
51.2	60.31513214111328
51.3	73.86134338378906
51.4	60.94708251953125
51.5	65.59586334228516
51.6	59.71516418457031
51.7	59.544925689697266
51.8	64.39920043945313
51.9	60.12368392944336
52.0	63.34576416015625
52.1	56.61301040649414
52.2	60.074771881103516
52.3	72.18689727783203
52.4	67.67527770996094
52.5	59.33216094970703
52.6	61.06029510498047
52.7	60.6506462097168
52.8	63.07089614868164
52.9	73.16118621826172
53.0	62.724361419677734
53.1	73.13133239746094
53.2	70.5405502319336
53.3	63.934696197509766
53.4	62.26201629638672
53.5	60.48672103881836
53.6	60.41504669189453
53.7	71.13836669921875
53.8	60.88811111450195
53.9	60.05704879760742
54.0	72.19316864013672
54.1	72.29764556884766
54.2	68.30721282958984
54.3	61.179256439208984
54.4	66.33389282226563
54.5	70.76614379882813
54.6	64.7456283569336
54.7	84.92833709716797
54.8	59.12883758544922
54.9	61.36872482299805
55.0	73.99230194091797
55.1	59.36152267456055
55.2	73.93450164794922
55.3	53.58408737182617
55.4	58.733642578125
55.5	58.947265625
55.6	72.2217025756836
55.7	80.83304595947266
55.8	57.901710510253906
55.9	76.44335174560547
56.0	61.546329498291016
56.1	61.078025817871094
56.2	63.79570388793945
56.3	66.53286743164063
56.4	69.49126434326172
56.5	64.74457550048828
56.6	59.44558334350586
56.7	62.44679641723633
56.8	64.43717956542969
56.9	68.26110076904297
57.0	74.39332580566406
57.1	70.13285827636719
57.2	66.15506744384766
57.3	62.907649993896484
57.4	63.52029037475586
57.5	63.37826156616211
57.6	66.16454315185547
57.7	58.06241226196289
57.8	63.8232421875
57.9	76.07930755615234
58.0	64.25392150878906
58.1	67.08585357666016
58.2	77.2510986328125
58.3	63.39082336425781
58.4	69.45317840576172
58.5	61.52769088745117
58.6	74.36178588867188
58.7	69.01193237304688
58.8	66.03228759765625
58.9	70.33638000488281
59.0	75.37902069091797
59.1	69.79073333740234
59.2	61.91175079345703
59.3	60.093692779541016
59.4	61.4022331237793
59.5	63.011051177978516
59.6	57.01858901977539
59.7	70.36292266845703
59.8	64.29569244384766
59.9	80.11146545410156
60.0	60.88728332519531
60.1	69.68338012695313
60.2	69.2769775390625
60.3	63.80875015258789
60.4	59.25023651123047
60.5	62.74868392944336
60.6	65.39312744140625
60.7	68.62552642822266
60.8	64.31851196289063
60.9	71.45989227294922
61.0	67.09822082519531
61.1	63.652618408203125
61.2	59.82985305786133
61.3	63.77813720703125
61.4	73.78069305419922
61.5	68.08831787109375
61.6	72.5028076171875
61.7	66.34527587890625
61.8	72.46493530273438
61.9	62.1407356262207
62.0	61.9591064453125
62.1	62.81800842285156
62.2	70.76283264160156
62.3	64.90679168701172
62.4	73.52791595458984
62.5	64.74768829345703
62.6	68.58949279785156
62.7	69.04200744628906
62.8	68.24544525146484
62.9	52.32461929321289
63.0	77.16849517822266
63.1	78.38052368164063
63.2	69.62960815429688
63.3	67.21894073486328
63.4	67.36803436279297
63.5	61.3358154296875
63.6	75.14940643310547
63.7	62.68231964111328
63.8	71.65525817871094
63.9	69.72599029541016
64.0	69.3033676147461
64.1	77.65277862548828
64.2	68.48843383789063
64.3	84.09716033935547
64.4	64.42118835449219
64.5	82.13558959960938
64.6	67.21727752685547
64.7	55.691741943359375
64.8	78.56875610351563
64.9	72.33119201660156
65.0	83.57432556152344
65.1	63.934539794921875
65.2	64.25482177734375
65.3	65.98970031738281
65.4	77.89872741699219
65.5	62.62300109863281
65.6	61.322025299072266
65.7	62.392822265625
65.8	65.58786010742188
65.9	77.0777816772461
66.0	71.52820587158203
66.1	65.88154602050781
66.2	71.25580596923828
66.3	71.5689697265625
66.4	73.4205093383789
66.5	74.31085968017578
66.6	65.27243041992188
66.7	75.4493179321289
66.8	71.38323974609375
66.9	80.98863983154297
67.0	62.030086517333984
67.1	63.493343353271484
67.2	83.56230163574219
67.3	62.734893798828125
67.4	75.87776184082031
67.5	60.57448196411133
67.6	72.11611938476563
67.7	80.5193099975586
67.8	77.10051727294922
67.9	73.08899688720703
68.0	66.52244567871094
68.1	69.43373107910156
68.2	65.86680603027344
68.3	68.51083374023438
68.4	65.70520782470703
68.5	60.42766189575195
68.6	76.07919311523438
68.7	69.2414321899414
68.8	68.15774536132813
68.9	78.22943878173828
69.0	66.13990783691406
69.1	69.74547576904297
69.2	68.33436584472656
69.3	77.84962463378906
69.4	75.42646789550781
69.5	65.80081176757813
69.6	70.92047119140625
69.7	80.80070495605469
69.8	68.50527954101563
69.9	60.271480560302734
70.0	60.13774490356445
70.1	68.25507354736328
70.2	70.19287109375
70.3	76.29187774658203
70.4	64.01991271972656
70.5	71.79351806640625
70.6	74.54206848144531
70.7	68.78298950195313
70.8	63.77456283569336
70.9	61.7593994140625
71.0	67.5374984741211
71.1	59.92031478881836
71.2	70.33251190185547
71.3	66.24388122558594
71.4	74.87576293945313
71.5	66.94744873046875
71.6	68.34999084472656
71.7	61.62578582763672
71.8	65.86412048339844
71.9	67.47380828857422
72.0	73.66976165771484
72.1	67.1441650390625
72.2	68.84771728515625
72.3	69.88463592529297
72.4	92.41756439208984
72.5	81.55348205566406
72.6	60.15581130981445
72.7	73.98591613769531
72.8	75.3082504272461
72.9	71.88633728027344
73.0	89.2706527709961
73.1	89.85430145263672
73.2	82.52394104003906
73.3	92.04357147216797
73.4	64.45391082763672
73.5	69.344970703125
73.6	69.28211212158203
73.7	62.8190803527832
73.8	70.11741638183594
73.9	72.8701171875
74.0	67.3959732055664
74.1	68.17255401611328
74.2	74.2735824584961
74.3	77.04866790771484
74.4	67.89098358154297
74.5	68.0411605834961
74.6	73.12291717529297
74.7	62.52937698364258
74.8	71.90271759033203
74.9	57.19470977783203
75.0	63.38270950317383
75.1	59.808292388916016
75.2	79.70051574707031
75.3	68.51976013183594
75.4	60.29083251953125
75.5	63.5721321105957
75.6	68.17536926269531
75.7	78.37818145751953
75.8	76.94393157958984
75.9	78.01529693603516
76.0	73.16740417480469
76.1	71.24151611328125
76.2	63.630897521972656
76.3	70.51789855957031
76.4	70.43123626708984
76.5	64.39240264892578
76.6	67.34207916259766
76.7	60.55952453613281
76.8	78.54912567138672
76.9	59.82321548461914
77.0	63.07884216308594
77.1	61.825801849365234
77.2	61.24080276489258
77.3	63.86346435546875
77.4	64.90724182128906
77.5	64.47295379638672
77.6	74.88965606689453
77.7	56.610294342041016
77.8	60.045284271240234
77.9	64.75418090820313
78.0	62.31719207763672
78.1	61.450592041015625
78.2	69.12556457519531
78.3	62.82923126220703
78.4	61.78046798706055
78.5	64.55072021484375
78.6	66.36237335205078
78.7	64.43800354003906
78.8	61.10347366333008
78.9	69.12069702148438
79.0	71.92011260986328
79.1	56.41788864135742
79.2	57.02933883666992
79.3	69.57789611816406
79.4	53.7901611328125
79.5	61.89836502075195
79.6	61.8012809753418
79.7	60.9090576171875
79.8	67.2603759765625
79.9	66.15959930419922
80.0	60.10466766357422
80.1	68.53211212158203
80.2	69.86698150634766
80.3	59.99663543701172
80.4	63.46689224243164
80.5	60.18216323852539
80.6	67.7550048828125
80.7	63.161773681640625
80.8	63.71662139892578
80.9	63.9162712097168
81.0	66.0244369506836
81.1	61.4908561706543
81.2	63.98743438720703
81.3	73.97640991210938
81.4	61.577510833740234
81.5	67.39765930175781
81.6	53.933895111083984
81.7	67.75989532470703
81.8	60.41787338256836
81.9	78.10086059570313
82.0	62.5042839050293
82.1	67.50496673583984
82.2	59.39973068237305
82.3	73.87618255615234
82.4	67.59019470214844
82.5	63.772193908691406
82.6	68.04289245605469
82.7	58.95889663696289
82.8	67.37132263183594
82.9	62.67535400390625
83.0	57.939762115478516
83.1	69.62483215332031
83.2	67.6679916381836
83.3	59.6141242980957
83.4	60.094688415527344
83.5	64.19493865966797
83.6	60.92278289794922
83.7	64.50279235839844
83.8	65.21138000488281
83.9	73.6173324584961
84.0	65.58271026611328
84.1	70.1878890991211
84.2	64.78629302978516
84.3	62.016151428222656
84.4	68.19310760498047
84.5	63.083045959472656
84.6	62.020896911621094
84.7	58.332157135009766
84.8	61.771663665771484
84.9	58.54059600830078
85.0	59.29867172241211
85.1	64.17357635498047
85.2	64.66799926757813
85.3	63.36764144897461
85.4	65.52543640136719
85.5	62.09132385253906
85.6	63.55193328857422
85.7	62.53394317626953
85.8	65.01765441894531
85.9	63.46409225463867
86.0	58.898563385009766
86.1	66.64390563964844
86.2	64.94258880615234
86.3	65.03482818603516
86.4	68.13671112060547
86.5	62.815025329589844
86.6	65.05908203125
86.7	81.98847961425781
86.8	61.97672653198242
86.9	61.56853485107422
87.0	85.0788803100586
87.1	59.39529800415039
87.2	66.98147583007813
87.3	70.29878997802734
87.4	93.70149230957031
87.5	93.77111053466797
87.6	102.25068664550781
87.7	101.91303253173828
87.8	87.31879425048828
87.9	104.04020690917969
88.0	95.13949584960938
88.1	78.37256622314453
88.2	105.47820281982422
88.3	91.16419982910156
88.4	80.237060546875
88.5	93.03856658935547
88.6	85.07241821289063
88.7	106.09075164794922
88.8	71.231201171875
88.9	85.33116912841797
89.0	85.87340545654297
89.1	99.57476806640625
89.2	112.02894592285156
89.3	97.11151885986328
89.4	89.86763000488281
89.5	120.2778549194336
89.6	102.053955078125
89.7	80.73332977294922
89.8	85.63638305664063
89.9	85.84339904785156
90.0	96.39178466796875
90.1	112.67452239990234
90.2	91.4118423461914
90.3	92.57029724121094
90.4	80.10609436035156
90.5	97.05809783935547
90.6	87.33370971679688
90.7	80.26603698730469
90.8	89.17459869384766
90.9	85.32157135009766
91.0	90.55290222167969
91.1	68.1994857788086
91.2	91.45938873291016
91.3	90.43067169189453
91.4	89.42803192138672
91.5	83.97755432128906
91.6	84.5410385131836
91.7	80.88430786132813
91.8	91.95526123046875
91.9	110.535888671875
92.0	88.2571029663086
92.1	105.85507202148438
92.2	105.96730041503906
92.3	87.69808959960938
92.4	107.85701751708984
92.5	98.53338623046875
92.6	68.02909088134766
92.7	91.21070098876953
92.8	82.32331848144531
92.9	83.43202209472656
93.0	90.38739776611328
93.1	81.49673461914063
93.2	82.54925537109375
93.3	76.1242446899414
93.4	63.84794235229492
93.5	55.79853439331055
93.6	57.20450210571289
93.7	72.43930053710938
93.8	78.48722076416016
93.9	72.65968322753906
94.0	64.30835723876953
94.1	63.87642288208008
94.2	60.85200119018555
94.3	64.0873031616211
94.4	57.79167938232422
94.5	66.00260162353516
94.6	59.9085578918457
94.7	63.2216682434082
94.8	61.849769592285156
94.9	57.22092819213867
95.0	57.68257141113281
95.1	62.24002456665039
95.2	59.366432189941406
95.3	77.24395751953125
95.4	65.473876953125
95.5	68.26371765136719
95.6	62.66572189331055
95.7	57.88127517700195
95.8	59.73988723754883
95.9	61.59429168701172
96.0	66.4021224975586
96.1	73.90496826171875
96.2	68.40062713623047
96.3	66.598876953125
96.4	61.56184005737305
96.5	63.723209381103516
96.6	69.98210144042969
96.7	69.35906982421875
96.8	69.0660400390625
96.9	72.47856903076172
97.0	67.54290771484375
97.1	65.7903060913086
97.2	73.92671203613281
97.3	71.09666442871094
97.4	56.01776885986328
97.5	79.50875854492188
97.6	68.90507507324219
97.7	69.9488525390625
97.8	62.82592010498047
97.9	64.44876861572266
98.0	72.17195892333984
98.1	66.08219909667969
98.2	62.74143600463867
98.3	60.494625091552734
98.4	57.05384826660156
98.5	59.41686248779297
98.6	79.63043975830078
98.7	62.503902435302734
98.8	63.889400482177734
98.9	66.01278686523438
99.0	73.90690612792969
99.1	60.44568634033203
99.2	60.521629333496094
99.3	67.64246368408203
99.4	69.17816925048828
99.5	62.53223419189453
99.6	59.583011627197266
99.7	70.52310180664063
99.8	56.044097900390625
99.9	56.48738479614258
