0.0	102.79309844970703
1.0	105.8689193725586
2.0	102.12222290039063
3.0	86.98436737060547
4.0	100.13045501708984
5.0	96.24114227294922
6.0	91.03590393066406
7.0	86.89859771728516
8.0	104.22976684570313
9.0	100.31135559082031
10.0	100.75631713867188
11.0	107.57270050048828
12.0	98.98181915283203
13.0	107.64727783203125
14.0	99.60061645507813
15.0	106.89155578613281
16.0	97.56278228759766
17.0	95.96539306640625
18.0	95.40520477294922
19.0	101.15129089355469
20.0	99.44628143310547
21.0	98.96436309814453
22.0	94.13850402832031
23.0	92.23332977294922
24.0	105.97032928466797
25.0	91.62625122070313
26.0	94.95340728759766
27.0	96.49498748779297
28.0	95.20366668701172
29.0	101.92276763916016
30.0	99.58356475830078
31.0	93.81952667236328
32.0	102.60202026367188
33.0	96.59697723388672
34.0	91.31450653076172
35.0	95.56018829345703
36.0	99.18221282958984
37.0	95.99687957763672
38.0	98.9539794921875
39.0	93.57861328125
40.0	101.42601776123047
41.0	94.5338134765625
42.0	97.5602035522461
43.0	109.91354370117188
44.0	87.90164947509766
45.0	95.34764862060547
46.0	104.93099975585938
47.0	100.72399139404297
48.0	103.88529968261719
49.0	101.32682037353516
50.0	103.40101623535156
51.0	101.25928497314453
52.0	102.34053039550781
53.0	95.89584350585938
54.0	101.15316009521484
55.0	105.31237030029297
56.0	81.69413757324219
57.0	99.13671112060547
58.0	96.35956573486328
59.0	92.4589614868164
60.0	98.50052642822266
61.0	93.62947845458984
62.0	103.76780700683594
63.0	105.96705627441406
64.0	101.16043090820313
65.0	106.63346862792969
66.0	103.76055908203125
67.0	104.34355163574219
68.0	103.59950256347656
69.0	86.88488006591797
70.0	90.31635284423828
71.0	102.31532287597656
72.0	100.59989166259766
73.0	95.32572174072266
74.0	100.06867980957031
75.0	107.29158782958984
76.0	99.1148910522461
77.0	101.88086700439453
78.0	116.42919158935547
79.0	92.48728942871094
80.0	107.2928695678711
81.0	115.80172729492188
82.0	109.30209350585938
83.0	103.15380096435547
84.0	90.85411834716797
85.0	107.78484344482422
86.0	107.71282958984375
87.0	99.86882781982422
88.0	93.06351470947266
89.0	102.06321716308594
90.0	109.25812530517578
91.0	107.98465728759766
92.0	102.41513061523438
93.0	89.71500396728516
94.0	98.1729965209961
95.0	100.83295440673828
96.0	96.28842163085938
97.0	98.17436218261719
98.0	103.39840698242188
99.0	107.31050872802734
100.0	96.15557861328125
101.0	97.73431396484375
102.0	99.25739288330078
103.0	86.00238800048828
104.0	99.67910766601563
105.0	89.79428100585938
106.0	95.79983520507813
107.0	103.89225006103516
108.0	96.53983306884766
109.0	109.68936920166016
110.0	88.71916198730469
111.0	98.2961654663086
112.0	96.58444213867188
113.0	98.81961822509766
114.0	104.45689392089844
115.0	98.44629669189453
116.0	99.33448791503906
117.0	99.1482162475586
118.0	93.75569152832031
119.0	97.8384780883789
120.0	98.69883728027344
121.0	96.52074432373047
122.0	101.60794067382813
123.0	105.822998046875
124.0	96.11801147460938
125.0	101.9832992553711
126.0	92.52559661865234
127.0	97.24955749511719
128.0	105.81383514404297
129.0	93.34081268310547
130.0	93.91862487792969
131.0	96.2192611694336
132.0	97.232177734375
133.0	98.7953109741211
134.0	83.30741882324219
135.0	89.03599548339844
136.0	86.93924713134766
137.0	97.61968994140625
138.0	79.3630142211914
139.0	91.88734436035156
140.0	99.27545166015625
141.0	85.85595703125
142.0	82.0159683227539
143.0	86.57156372070313
144.0	89.43562316894531
145.0	83.78498077392578
146.0	86.39506530761719
147.0	84.38500213623047
148.0	80.48343658447266
149.0	88.95394134521484
150.0	81.02194213867188
151.0	84.86579895019531
152.0	87.7538070678711
153.0	85.36279296875
154.0	88.96705627441406
155.0	95.16617584228516
156.0	89.91630554199219
157.0	86.00468444824219
158.0	87.7826919555664
159.0	88.01204681396484
160.0	108.8187484741211
161.0	86.02169799804688
162.0	89.83736419677734
163.0	85.36709594726563
164.0	89.86383819580078
165.0	84.33073425292969
166.0	91.50585174560547
167.0	91.40433502197266
168.0	99.51444244384766
169.0	88.29598999023438
170.0	86.23397064208984
171.0	86.52454376220703
172.0	88.24893188476563
173.0	92.99524688720703
174.0	96.41764068603516
175.0	84.98237609863281
176.0	92.30925750732422
177.0	93.49148559570313
178.0	86.5348892211914
179.0	80.93692016601563
180.0	83.62931060791016
181.0	94.71464538574219
182.0	90.72876739501953
183.0	81.52498626708984
184.0	85.25347137451172
185.0	85.04713439941406
186.0	82.56719207763672
187.0	98.3101806640625
188.0	91.79378509521484
189.0	81.26647186279297
190.0	76.21097564697266
191.0	82.9393539428711
192.0	86.24032592773438
193.0	95.70915222167969
194.0	80.17581176757813
195.0	91.69483947753906
196.0	78.44882202148438
197.0	91.45561981201172
198.0	89.67980194091797
199.0	84.78028106689453
200.0	85.58423614501953
201.0	85.18311309814453
202.0	94.75072479248047
203.0	83.6224594116211
204.0	86.04487609863281
205.0	84.60841369628906
206.0	87.87728881835938
207.0	99.33349609375
208.0	93.3689193725586
209.0	103.14180755615234
210.0	99.25933074951172
211.0	92.53343200683594
212.0	91.78750610351563
213.0	97.83374786376953
214.0	103.47138214111328
215.0	102.55999755859375
216.0	103.36567687988281
217.0	104.9096908569336
218.0	103.15152740478516
219.0	99.40390014648438
220.0	91.10980224609375
221.0	99.65249633789063
222.0	100.91818237304688
223.0	103.02316284179688
224.0	82.59902954101563
225.0	99.40019226074219
226.0	101.15250396728516
227.0	96.59196472167969
228.0	96.65141296386719
229.0	90.92634582519531
230.0	97.98336029052734
231.0	91.43819427490234
232.0	95.0256118774414
233.0	93.94815826416016
234.0	101.5851821899414
235.0	83.65879821777344
236.0	89.64847564697266
237.0	92.61626434326172
238.0	90.86331176757813
239.0	105.20034790039063
240.0	97.36099243164063
241.0	89.76554107666016
242.0	90.70787048339844
243.0	89.44254302978516
244.0	94.0966796875
245.0	92.08816528320313
246.0	98.20297241210938
247.0	97.02782440185547
248.0	98.61227416992188
249.0	106.34713745117188
250.0	89.33538055419922
251.0	92.91401672363281
252.0	95.60231018066406
253.0	95.77751159667969
254.0	92.53394317626953
255.0	89.1285400390625
256.0	80.47508239746094
257.0	92.49978637695313
258.0	95.1363296508789
259.0	103.6343765258789
260.0	103.5556640625
261.0	98.82975769042969
262.0	95.0472640991211
263.0	94.5387191772461
264.0	94.03663635253906
265.0	91.9613037109375
266.0	97.08769226074219
267.0	100.55613708496094
268.0	101.31040954589844
269.0	97.99910736083984
270.0	106.75354766845703
271.0	95.6100082397461
272.0	91.28445434570313
273.0	92.19841766357422
274.0	87.59437561035156
275.0	93.06129455566406
276.0	94.59615325927734
277.0	87.94405364990234
278.0	95.59156799316406
279.0	93.66332244873047
280.0	96.70145416259766
281.0	85.74442291259766
282.0	88.07791900634766
283.0	104.66555786132813
284.0	99.83342742919922
285.0	96.00143432617188
286.0	92.15299224853516
287.0	103.68566131591797
288.0	100.39139556884766
289.0	99.6138916015625
290.0	99.48472595214844
291.0	101.98118591308594
292.0	102.09628295898438
293.0	104.73582458496094
294.0	107.56114196777344
295.0	107.78144836425781
296.0	89.3165054321289
297.0	105.80365753173828
298.0	101.7908935546875
299.0	105.74191284179688
300.0	78.10993957519531
301.0	85.65666961669922
302.0	93.48336791992188
303.0	82.4325942993164
304.0	91.79801177978516
305.0	94.62420654296875
306.0	90.9613265991211
307.0	85.85994720458984
308.0	89.84048461914063
309.0	95.01344299316406
310.0	101.45894622802734
311.0	99.45594787597656
312.0	105.1222915649414
313.0	104.25045776367188
314.0	103.26969909667969
315.0	103.18986511230469
316.0	103.64897918701172
317.0	101.69715881347656
318.0	95.42752838134766
319.0	97.19377899169922
320.0	107.62505340576172
321.0	89.63574981689453
322.0	106.06813049316406
323.0	108.29454803466797
324.0	101.64629364013672
325.0	102.92737579345703
326.0	76.83294677734375
327.0	84.99104309082031
328.0	84.07449340820313
329.0	80.90423583984375
330.0	96.92867279052734
331.0	90.18341827392578
332.0	94.66358184814453
333.0	95.28937530517578
334.0	83.91008758544922
335.0	86.81148529052734
336.0	79.9585189819336
337.0	86.47007751464844
338.0	84.43827819824219
339.0	79.96554565429688
340.0	94.53707885742188
341.0	95.78744506835938
342.0	92.19458770751953
343.0	83.45370483398438
344.0	98.73468780517578
345.0	87.92166137695313
346.0	101.30381774902344
347.0	96.43284606933594
348.0	79.17359161376953
349.0	85.67501831054688
350.0	87.69822692871094
351.0	83.81861114501953
352.0	94.17269897460938
353.0	77.4644775390625
354.0	91.42315673828125
355.0	101.01057434082031
356.0	99.57112884521484
357.0	100.599609375
358.0	86.61104583740234
359.0	97.92791748046875
360.0	96.25543212890625
361.0	89.8573226928711
362.0	80.94277954101563
363.0	90.08331298828125
364.0	102.48579406738281
365.0	86.54817962646484
366.0	100.93299102783203
367.0	93.49642944335938
368.0	84.86016082763672
369.0	100.74642944335938
370.0	90.60088348388672
371.0	99.8475112915039
372.0	83.51231384277344
373.0	91.10542297363281
374.0	83.76553344726563
375.0	81.25385284423828
376.0	87.65095520019531
377.0	83.19758605957031
378.0	89.7648696899414
379.0	85.73357391357422
380.0	97.59090423583984
381.0	87.380859375
382.0	87.13998413085938
383.0	82.4788589477539
384.0	95.79391479492188
385.0	86.55137634277344
386.0	81.50724792480469
387.0	86.58465576171875
388.0	85.70256805419922
389.0	81.33143615722656
390.0	88.18732452392578
391.0	92.00628662109375
392.0	86.3133316040039
393.0	79.45135498046875
394.0	101.3971939086914
395.0	88.46356201171875
396.0	100.42718505859375
397.0	101.47663116455078
398.0	96.69619750976563
399.0	99.26004028320313
400.0	103.09025573730469
401.0	111.17170715332031
402.0	100.49417114257813
403.0	105.74473571777344
404.0	106.40888977050781
405.0	98.1897201538086
406.0	93.66498565673828
407.0	90.48922729492188
408.0	103.12703704833984
409.0	97.35879516601563
410.0	100.22848510742188
411.0	99.7620849609375
412.0	103.29792022705078
413.0	91.81912994384766
414.0	106.37216186523438
415.0	100.47715759277344
416.0	98.40514373779297
417.0	95.84432220458984
418.0	108.0090103149414
419.0	101.28752136230469
420.0	104.57112884521484
421.0	98.15129852294922
422.0	101.61900329589844
423.0	100.25321197509766
424.0	95.84873962402344
425.0	107.57014465332031
426.0	108.97095489501953
427.0	102.46351623535156
428.0	103.01728057861328
429.0	108.10466003417969
430.0	90.23834228515625
431.0	96.00308227539063
432.0	100.4459228515625
433.0	91.5213623046875
434.0	107.58203887939453
435.0	105.86880493164063
436.0	90.39900207519531
437.0	101.27362823486328
438.0	115.5256118774414
439.0	113.30406951904297
440.0	98.32176971435547
441.0	102.96505737304688
442.0	96.04011535644531
443.0	93.49305725097656
444.0	103.36231231689453
445.0	111.6671142578125
446.0	106.305908203125
447.0	92.65695190429688
448.0	99.51411437988281
449.0	90.66962432861328
450.0	99.9502944946289
451.0	104.34901428222656
452.0	95.28953552246094
453.0	109.73069763183594
454.0	96.88249969482422
455.0	99.24752807617188
456.0	101.83753967285156
457.0	102.75975799560547
458.0	104.26458740234375
459.0	106.35420989990234
460.0	103.65132141113281
461.0	114.52265167236328
462.0	98.77918243408203
463.0	97.54837036132813
464.0	111.6598129272461
465.0	100.94084930419922
466.0	111.4691390991211
467.0	91.68096160888672
468.0	105.60908508300781
469.0	95.30181884765625
470.0	102.3169174194336
471.0	101.40107727050781
472.0	102.56993103027344
473.0	100.39823150634766
474.0	96.50851440429688
475.0	99.14751434326172
476.0	97.3706283569336
477.0	100.44740295410156
478.0	102.20524597167969
479.0	89.57501983642578
480.0	100.50738525390625
481.0	95.8694076538086
482.0	111.19176483154297
483.0	99.92894744873047
484.0	93.11332702636719
485.0	94.27069854736328
486.0	104.2621841430664
487.0	100.56832885742188
488.0	112.91216278076172
489.0	104.75912475585938
490.0	108.10030364990234
491.0	96.4192886352539
492.0	112.69306182861328
493.0	97.1708984375
494.0	93.23236083984375
495.0	115.47191619873047
496.0	104.38221740722656
497.0	108.78072357177734
498.0	83.04222106933594
499.0	90.53742980957031
500.0	102.10404205322266
501.0	89.24897003173828
502.0	86.61457061767578
503.0	92.68399810791016
504.0	97.15841674804688
505.0	90.86295318603516
506.0	97.34634399414063
507.0	89.0101547241211
508.0	86.54389953613281
509.0	94.03522491455078
510.0	106.5293960571289
511.0	84.57105255126953
512.0	92.5822525024414
513.0	91.84357452392578
514.0	98.0731201171875
515.0	96.00176239013672
516.0	108.89493560791016
517.0	83.72013854980469
518.0	87.87583923339844
519.0	90.19483947753906
520.0	85.11851501464844
521.0	101.71253204345703
522.0	102.11618041992188
523.0	97.05717468261719
524.0	97.64098358154297
525.0	93.13558197021484
526.0	92.3502426147461
527.0	92.79022216796875
528.0	100.46477508544922
529.0	101.01628112792969
530.0	99.68650817871094
531.0	91.12291717529297
532.0	86.81529235839844
533.0	92.05582427978516
534.0	91.86422729492188
535.0	102.16714477539063
536.0	102.11188507080078
537.0	94.32755279541016
538.0	93.45005798339844
539.0	101.63568878173828
540.0	101.53817749023438
541.0	94.03763580322266
542.0	99.46308898925781
543.0	96.74433898925781
544.0	82.60752868652344
545.0	104.15522766113281
546.0	86.60296630859375
547.0	88.89080047607422
548.0	89.42827606201172
549.0	90.7798843383789
550.0	91.29032135009766
551.0	97.2831802368164
552.0	106.52337646484375
553.0	84.79642486572266
554.0	86.84806060791016
555.0	84.52206420898438
556.0	98.94441986083984
557.0	92.25584411621094
558.0	86.51520538330078
559.0	87.40641784667969
560.0	90.94754028320313
561.0	85.73624420166016
562.0	94.26800537109375
563.0	94.29390716552734
564.0	97.59014129638672
565.0	88.42034149169922
566.0	95.85847473144531
567.0	101.12567138671875
568.0	94.78699493408203
569.0	80.96520233154297
570.0	85.4682388305664
571.0	99.2364730834961
572.0	88.00249481201172
573.0	101.78581237792969
574.0	96.99832916259766
575.0	89.6129150390625
576.0	96.50151062011719
577.0	97.05255889892578
578.0	94.69119262695313
579.0	84.04181671142578
580.0	88.41473388671875
581.0	109.16464233398438
582.0	87.1616439819336
583.0	95.51385498046875
584.0	79.9110107421875
585.0	93.60340118408203
586.0	100.69725799560547
587.0	91.74332427978516
588.0	97.7793960571289
589.0	100.19505310058594
590.0	92.27652740478516
591.0	91.49082946777344
592.0	81.97736358642578
593.0	89.98762512207031
594.0	96.296875
595.0	87.3518295288086
596.0	80.71470642089844
597.0	87.43388366699219
598.0	79.13921356201172
599.0	98.27881622314453
600.0	98.5459213256836
601.0	91.20533752441406
602.0	100.59365844726563
603.0	83.03900146484375
604.0	80.95527648925781
605.0	94.19731903076172
606.0	76.56149291992188
607.0	89.67901611328125
608.0	83.57483673095703
609.0	90.36441040039063
610.0	99.99332427978516
611.0	88.28160858154297
612.0	87.0632095336914
613.0	89.79335021972656
614.0	87.11762237548828
615.0	77.50773620605469
616.0	83.9509048461914
617.0	93.3841781616211
618.0	89.91236877441406
619.0	89.73043060302734
620.0	97.1011734008789
621.0	89.13390350341797
622.0	81.7088851928711
623.0	92.79872131347656
624.0	89.64575958251953
625.0	79.81583404541016
626.0	93.2129898071289
627.0	75.01602172851563
628.0	81.9351577758789
629.0	86.96424865722656
630.0	83.31161499023438
631.0	88.8741455078125
632.0	84.0529556274414
633.0	78.42115783691406
634.0	78.2358627319336
635.0	92.19348907470703
636.0	108.99394226074219
637.0	84.99153137207031
638.0	79.25872039794922
639.0	82.52777099609375
640.0	78.30699920654297
641.0	78.25444030761719
642.0	83.83330535888672
643.0	92.10657501220703
644.0	82.7673110961914
645.0	80.59803771972656
646.0	90.06744384765625
647.0	80.23265838623047
648.0	92.81838989257813
649.0	88.18598937988281
650.0	82.1632308959961
651.0	88.23812103271484
652.0	79.25566101074219
653.0	81.46001434326172
654.0	85.24977111816406
655.0	87.18535614013672
656.0	86.0151596069336
657.0	84.73603057861328
658.0	94.76273345947266
659.0	86.35357666015625
660.0	90.36368560791016
661.0	87.97236633300781
662.0	87.3478012084961
663.0	85.29267120361328
664.0	92.21092987060547
665.0	85.48858642578125
666.0	88.48712921142578
667.0	85.05062103271484
668.0	97.04851531982422
669.0	92.48406219482422
670.0	87.93023681640625
671.0	87.3100357055664
672.0	89.71195983886719
673.0	98.8310546875
674.0	86.7353286743164
675.0	88.68487548828125
676.0	81.64237213134766
677.0	79.16038513183594
678.0	96.21131134033203
679.0	83.45751953125
680.0	81.31332397460938
681.0	102.73005676269531
682.0	84.10052490234375
683.0	97.18020629882813
684.0	83.10977935791016
685.0	86.02572631835938
686.0	88.33155059814453
687.0	96.7823715209961
688.0	88.90201568603516
689.0	85.90296173095703
690.0	100.48613739013672
691.0	101.26324462890625
692.0	84.79495239257813
693.0	87.82262420654297
694.0	76.9412841796875
695.0	79.3828353881836
696.0	78.07080078125
697.0	76.720947265625
698.0	102.94490051269531
699.0	84.39969635009766
700.0	90.59614562988281
701.0	93.16683959960938
702.0	80.23302459716797
703.0	84.39468383789063
704.0	84.08250427246094
705.0	82.06632232666016
706.0	88.9273910522461
707.0	87.27802276611328
708.0	88.53148651123047
709.0	101.57842254638672
710.0	90.4095458984375
711.0	85.51478576660156
712.0	78.40489196777344
713.0	84.01177978515625
714.0	88.22782897949219
715.0	84.54743957519531
716.0	80.18737030029297
717.0	106.8057632446289
718.0	97.7157211303711
719.0	92.83169555664063
720.0	106.66426086425781
721.0	82.06827545166016
722.0	84.12503814697266
723.0	89.07525634765625
724.0	85.05390167236328
725.0	78.3038330078125
726.0	85.12747955322266
727.0	76.59945678710938
728.0	82.587158203125
729.0	85.63876342773438
730.0	83.82669830322266
731.0	88.9903793334961
732.0	79.62726593017578
733.0	88.29051208496094
734.0	80.55656433105469
735.0	80.7720947265625
736.0	80.78006744384766
737.0	80.56733703613281
738.0	82.40772247314453
739.0	88.69965362548828
740.0	86.60511779785156
741.0	83.08577728271484
742.0	83.59447479248047
743.0	90.11783599853516
744.0	77.24906921386719
745.0	90.71045684814453
746.0	82.83424377441406
747.0	77.12481689453125
748.0	82.01896667480469
749.0	104.21512603759766
750.0	91.07201385498047
751.0	81.02944946289063
752.0	92.05113983154297
753.0	79.22765350341797
754.0	85.89252471923828
755.0	90.84922790527344
756.0	79.16377258300781
757.0	86.03211212158203
758.0	88.16316986083984
759.0	91.37625885009766
760.0	79.4518051147461
761.0	82.01740264892578
762.0	75.58963775634766
763.0	79.2986068725586
764.0	80.84367370605469
765.0	88.15805053710938
766.0	89.75871276855469
767.0	85.22927856445313
768.0	82.0212173461914
769.0	70.96638488769531
770.0	69.16895294189453
771.0	83.71459197998047
772.0	73.3585433959961
773.0	54.60033416748047
774.0	96.8295669555664
775.0	77.68167877197266
776.0	86.92529296875
777.0	85.58971405029297
778.0	77.54316711425781
779.0	83.98580169677734
780.0	72.95648956298828
781.0	80.59166717529297
782.0	86.45426177978516
783.0	70.35782623291016
784.0	92.25581359863281
785.0	108.8333511352539
786.0	60.40674591064453
787.0	63.67604446411133
788.0	55.96548080444336
789.0	60.767845153808594
790.0	52.70052719116211
791.0	61.06740188598633
792.0	56.69194030761719
793.0	86.91542053222656
794.0	97.67597198486328
795.0	94.27973175048828
796.0	102.52428436279297
797.0	93.01702117919922
798.0	111.8801040649414
799.0	100.864501953125
800.0	106.29010772705078
801.0	111.42378234863281
802.0	88.18001556396484
803.0	104.25233459472656
804.0	100.36209106445313
805.0	98.74794006347656
806.0	93.69500732421875
807.0	89.98744201660156
808.0	91.90628814697266
809.0	87.80176544189453
810.0	100.49139404296875
811.0	104.39522552490234
812.0	107.48114776611328
813.0	95.5155258178711
814.0	100.49189758300781
815.0	111.8635482788086
816.0	92.58374786376953
817.0	106.27469635009766
818.0	93.7164306640625
819.0	89.92562866210938
820.0	82.1075210571289
821.0	108.50345611572266
822.0	94.25617980957031
823.0	108.45515441894531
824.0	81.62551879882813
825.0	94.02577209472656
826.0	90.7204360961914
827.0	86.12247467041016
828.0	95.67688751220703
829.0	94.81871032714844
830.0	97.34037780761719
831.0	97.18164825439453
832.0	90.23546600341797
833.0	97.2722396850586
834.0	87.7710189819336
835.0	99.18391418457031
836.0	90.94271850585938
837.0	93.78922271728516
838.0	97.8240966796875
839.0	94.35054779052734
840.0	97.360595703125
841.0	89.22196197509766
842.0	96.66143035888672
843.0	101.50025939941406
844.0	106.6983642578125
845.0	93.84149932861328
846.0	96.93244934082031
847.0	82.9456558227539
848.0	96.30815124511719
849.0	92.5325698852539
850.0	85.47750091552734
851.0	84.9486312866211
852.0	82.2771987915039
853.0	92.20391082763672
854.0	92.2738037109375
855.0	88.13062286376953
856.0	102.57228088378906
857.0	94.8724136352539
858.0	93.4288101196289
859.0	85.22950744628906
860.0	90.49909210205078
861.0	88.74891662597656
862.0	94.13459014892578
863.0	91.18006896972656
864.0	93.57731628417969
865.0	89.0265121459961
866.0	98.33821868896484
867.0	93.45018768310547
868.0	98.55175018310547
869.0	86.12017059326172
870.0	92.98117065429688
871.0	89.52132415771484
872.0	87.8691635131836
873.0	103.17637634277344
874.0	98.84988403320313
875.0	91.16405487060547
876.0	96.27662658691406
877.0	97.40827941894531
878.0	104.3553237915039
879.0	94.83106994628906
880.0	93.45893859863281
881.0	82.34964752197266
882.0	102.1490478515625
883.0	90.57038879394531
884.0	95.46800231933594
885.0	103.57747650146484
886.0	83.78963470458984
887.0	82.07595825195313
888.0	86.90237426757813
889.0	95.40950775146484
890.0	90.09901428222656
891.0	96.36289978027344
892.0	104.93900299072266
893.0	85.76556396484375
894.0	78.87983703613281
895.0	99.63582611083984
896.0	96.3661880493164
897.0	79.58377838134766
898.0	96.17623901367188
899.0	89.94549560546875
900.0	92.43463134765625
901.0	90.35436248779297
902.0	87.47862243652344
903.0	98.8423080444336
904.0	99.98088836669922
905.0	88.17752075195313
906.0	93.67620849609375
907.0	88.0057373046875
908.0	90.49836730957031
909.0	96.1234359741211
910.0	80.50483703613281
911.0	107.25927734375
912.0	94.13874053955078
913.0	95.75284576416016
914.0	88.7082748413086
915.0	99.51811981201172
916.0	94.18104553222656
917.0	88.86719512939453
918.0	100.87620544433594
919.0	97.45722198486328
920.0	108.93193054199219
921.0	107.10228729248047
922.0	91.4726791381836
923.0	95.37721252441406
924.0	90.28858947753906
925.0	78.45600891113281
926.0	93.59974670410156
927.0	86.34014892578125
928.0	85.11470031738281
929.0	93.60498809814453
930.0	90.70818328857422
931.0	88.54515075683594
932.0	82.01351928710938
933.0	83.34610748291016
934.0	92.52326202392578
935.0	82.81725311279297
936.0	88.91280364990234
937.0	83.83319091796875
938.0	106.92386627197266
939.0	85.50592803955078
940.0	88.0340576171875
941.0	102.91806030273438
942.0	92.84016418457031
943.0	88.05201721191406
944.0	94.75592041015625
945.0	87.71598052978516
946.0	85.27999877929688
947.0	84.30082702636719
948.0	81.55204010009766
949.0	84.37459564208984
950.0	90.91358947753906
951.0	84.2819595336914
952.0	82.5230484008789
953.0	88.61711883544922
954.0	90.4095458984375
955.0	80.5024185180664
956.0	84.33261108398438
957.0	91.35334777832031
958.0	82.63895416259766
959.0	79.04618835449219
960.0	97.51583862304688
961.0	102.1578140258789
962.0	99.2722396850586
963.0	90.68421936035156
964.0	95.024658203125
965.0	100.80740356445313
966.0	84.95344543457031
967.0	106.44093322753906
968.0	101.3714599609375
969.0	87.1946029663086
970.0	106.22464752197266
971.0	96.383544921875
972.0	93.99262237548828
973.0	86.87537384033203
974.0	99.89845275878906
975.0	103.40194702148438
976.0	96.1529541015625
977.0	101.80754089355469
978.0	105.81797790527344
979.0	101.5628433227539
980.0	89.67236328125
981.0	103.11117553710938
982.0	94.82158660888672
983.0	94.90081024169922
984.0	101.63082885742188
985.0	100.59292602539063
986.0	109.2483139038086
987.0	101.79031372070313
988.0	93.91027069091797
989.0	97.84149932861328
990.0	100.52769470214844
991.0	99.95020294189453
992.0	105.16853332519531
993.0	102.98979949951172
994.0	104.19677734375
995.0	102.58563995361328
996.0	99.0043716430664
997.0	95.24961853027344
998.0	104.06315612792969
999.0	103.67453002929688
